54.1900,11.1393,1567.5190,1393.9127,543.0093,286.1860
11.1393,148.9869,777.6821,606.6080,310.3712,177.3812
1567.5190,777.6821,83587.8925,76998.4149,23134.9666,12578.5837
1393.9127,606.6080,76998.4149,133323.7140,26941.0368,23622.8637
543.0093,310.3712,23134.9666,26941.0368,23887.0943,12686.6320
286.1860,177.3812,12578.5837,23622.8637,12686.6320,10540.7661
