18986.3282,9634.6387,9796.4972,11830.0959,20635.5211,11788.2008,22439.8754,16702.7739,16476.8009
9634.6387,19899.9650,5287.6799,14009.9881,14274.9056,9782.6614,18870.2936,18842.1084,16000.7465
9796.4972,5287.6799,10628.3854,6397.2959,10730.8797,6119.1486,8490.1991,9292.7973,7646.4594
11830.0959,14009.9881,6397.2959,28633.3457,11257.6500,10546.2549,32888.5832,39338.0988,35102.3670
20635.5211,14274.9056,10730.8797,11257.6500,36065.6582,15801.5608,28321.0892,23062.1252,24056.3803
11788.2008,9782.6614,6119.1486,10546.2549,15801.5608,14236.4683,19084.7866,16237.2395,17132.5281
22439.8754,18870.2936,8490.1991,32888.5832,28321.0892,19084.7866,62503.4258,65171.7665,56745.0613
16702.7739,18842.1084,9292.7973,39338.0988,23062.1252,16237.2395,65171.7665,81771.8159,70354.1692
16476.8009,16000.7465,7646.4594,35102.3670,24056.3803,17132.5281,56745.0613,70354.1692,73819.4334
