0.0000,0.0000,0.0000,0.0004,0.0227,0.0607,0.0484,0.3267,0.2086,0.2346,0.1472,0.0853,0.1847,0.2421,0.1534,0.1598,0.1018,0.2090,0.0955,0.0480,0.1675,0.0274,0.3009,0.0545,0.1529,0.0508,0.1784,0.1438,0.1227,0.0285,0.2243,0.0403,0.2212,0.0152,0.1866,0.0772,0.0253,0.0883,0.0033,0.0793,0.0581,0.1341,0.1341,0.0709,0.1231,0.1199,0.0447,0.1295,0.0002,0.0331,0.1058,0.0049,0.1221,0.0877,0.0128,0.0473,0.0116,0.0568,0.0321,0.0232,0.0463,0.0055,0.0189,0.0098,0.0309,0.0224,0.0239,0.0092,0.0225,0.0303,0.0222,0.0138,0.0233,0.0139,0.0411,0.0020,0.0278,0.0236,0.0018,0.0043,0.0047
0.0000,0.0002,0.0002,0.0014,0.1360,0.3917,0.3390,1.2342,0.6627,0.6343,0.4520,0.3716,0.3716,0.6359,0.5180,0.2900,0.5201,0.4580,0.3861,0.2165,0.3050,0.2937,0.2430,0.3505,0.2943,0.3472,0.4205,0.3356,0.4104,0.1996,0.3653,0.4408,0.3914,0.1563,0.2307,0.3532,0.1744,0.1203,0.1477,0.1752,0.3867,0.4364,0.2289,0.2854,0.2550,0.3827,0.2669,0.2313,0.1354,0.2401,0.1518,0.1142,0.1957,0.2102,0.0851,0.0973,0.0384,0.1279,0.0749,0.0644,0.0829,0.0512,0.0474,0.0794,0.0691,0.0601,0.0491,0.0187,0.0662,0.0648,0.0694,0.0737,0.0648,0.0406,0.0666,0.0911,0.0914,0.0520,0.0373,0.0095,0.0132
0.0000,0.0002,0.0009,0.0020,0.2728,1.0586,1.6822,1.7197,0.7683,0.7640,0.7959,0.5110,0.5934,0.7634,0.8217,0.4448,0.7994,0.5221,0.5778,0.6071,0.3593,0.7705,0.3854,1.0482,0.2084,1.0365,0.3219,0.4257,0.6802,0.6864,0.4779,0.7881,0.1791,0.6236,0.1077,0.5489,0.3274,0.0980,0.5897,0.1965,0.6842,0.5914,0.1080,0.3930,0.2250,0.4862,0.5200,0.2665,0.5790,0.4198,0.1055,0.3333,0.1990,0.2595,0.1950,0.0752,0.1734,0.1446,0.0786,0.0707,0.0679,0.1668,0.0728,0.1451,0.1107,0.0794,0.0878,0.0879,0.1029,0.0643,0.1191,0.1658,0.1094,0.0393,0.0225,0.2685,0.1114,0.1640,0.1151,0.0136,0.0157
0.0004,0.0014,0.0020,0.0991,3.6507,7.7397,9.6799,30.1432,40.6420,46.2924,30.0139,19.5997,37.2323,45.8852,32.6998,31.5607,26.1739,34.3646,18.2653,3.6814,24.4892,8.9893,33.4596,15.4144,14.3180,1.3432,29.1128,16.0212,22.7703,5.0634,37.8299,19.3707,29.7985,8.0604,28.1684,19.6746,8.1195,13.1698,12.2590,15.6691,12.6301,29.0921,16.8617,18.1063,18.0101,25.8271,14.0579,21.5994,8.7975,7.2143,17.2737,6.3437,21.1287,15.2002,5.9402,8.2899,1.6837,11.3842,3.0591,3.9684,8.1394,4.4429,4.3094,4.1722,6.2437,3.2388,4.5909,0.3593,4.8561,4.2422,5.6066,2.6371,2.5221,3.0540,6.6714,5.1599,4.3419,5.7161,1.1067,0.7460,0.5762
0.0227,0.1360,0.2728,3.6507,320.6470,723.6453,817.1736,2513.6110,1708.7351,1783.8559,1131.9921,945.1676,1189.8622,1754.2139,1305.9998,1009.9741,1267.5971,1250.6908,963.4871,440.5341,924.3810,645.2275,993.7469,780.4152,775.1951,578.7624,1210.7077,740.5841,1068.6489,277.9375,1032.6870,1098.5231,1184.3418,303.3952,888.8962,942.3015,427.4065,348.7730,379.5173,575.8735,936.6177,1283.5610,687.1028,789.1028,743.0473,1065.7948,641.2296,687.1971,188.2546,587.4957,557.2806,290.4588,684.6994,565.9367,243.6595,299.4356,87.6687,419.8731,185.8394,186.8456,287.0278,153.5123,157.1244,210.1578,227.6016,156.4380,153.9628,22.2224,181.6892,191.6725,214.3282,157.2609,142.7130,123.6696,234.6730,220.3991,235.9453,174.8287,45.7482,22.5066,31.7514
0.0607,0.3917,1.0586,7.7397,723.6453,3412.4941,2935.3691,6083.2092,2677.4692,2593.9888,1045.5040,2050.1056,2736.9526,1412.6457,1020.2396,1466.7748,2847.6004,1055.3692,1237.3687,1204.8468,2074.9696,1612.4499,1225.4403,1760.6537,1783.1399,2218.2455,1361.7892,2090.6981,1136.6658,1246.5124,2022.3085,2058.4772,1089.0100,1348.7325,1613.6175,1067.3148,686.2713,757.2067,1071.1407,1017.4061,1616.5257,2541.0979,1383.8820,1008.7179,1677.2856,1024.2827,1600.7203,818.4273,1026.6464,1213.8444,754.0556,692.4758,989.5866,493.1439,557.7336,349.4707,291.5747,712.9176,433.4661,210.6677,392.7731,378.0571,281.9685,457.9972,462.7702,430.2097,234.0079,107.6594,474.7878,219.7544,363.6142,566.5806,313.5819,187.4985,304.2405,650.5682,599.6486,447.3287,236.1015,39.0157,56.8098
0.0484,0.3390,1.6822,9.6799,817.1736,2935.3691,10037.9060,7493.3734,6330.0822,5173.0337,3766.9814,2726.3467,3795.6109,5177.1432,4203.0310,3237.2325,4379.9213,3037.9586,2597.4612,2404.6669,993.9567,2918.7111,560.2623,4862.0584,1096.9328,2431.6525,2830.1183,1470.2139,2980.7696,1948.9670,3083.0433,3611.5852,2186.7175,2340.4124,1738.5444,3182.4185,1456.3340,762.5195,2877.8954,1644.5446,1989.3519,3502.3828,804.5831,2753.9383,1905.9047,3397.9939,2010.4957,1671.2542,2383.7797,1710.0938,1291.8256,1529.7560,1864.7413,1552.8214,976.5988,798.6889,618.9245,1171.4500,306.3692,349.8070,666.4589,893.4192,449.6298,735.7052,617.8963,358.5580,459.0799,247.6337,571.1118,420.0981,787.3771,584.9754,360.0680,355.6412,419.3301,1196.8509,681.3626,936.5029,453.2499,67.3556,53.6299
0.3267,1.2342,1.7197,30.1432,2513.6110,6083.2092,7493.3734,43839.5752,29400.3030,33176.6792,25097.8902,13910.7624,21034.4277,35990.9562,28424.1674,22083.6858,19472.0092,27793.8562,17667.5011,3655.9580,13438.3440,9245.6555,17477.6969,13747.0766,8801.7377,6562.3043,21431.9266,13178.8260,21574.0272,5776.5705,26370.3192,17176.2237,21687.6983,7190.8321,15429.8986,17570.8283,7917.0858,8671.3352,7053.9617,9594.2173,13006.9923,16356.7675,9433.8116,14709.8887,10898.8935,20921.0706,7628.4367,16071.3937,7600.9100,5981.8968,11212.3915,4710.4719,13968.1372,12541.1681,3829.4073,5964.6692,1594.6293,7237.7586,1885.5244,3518.2433,5391.5438,3015.5779,2816.8285,2677.4750,3885.1967,1983.0453,3700.2597,333.0876,2022.8003,3756.4970,3992.1652,1826.4305,2967.1645,2236.2035,4279.5065,2705.2087,2258.9998,3998.4133,1210.1736,539.2021,566.7228
0.2086,0.6627,0.7683,40.6420,1708.7351,2677.4692,6330.0822,29400.3030,54176.8269,52019.7562,38501.9469,25306.2266,34133.0553,55031.6476,43950.6628,34479.4880,35933.5830,37641.2798,27427.6220,13132.2653,14925.0382,21503.8809,16953.0884,34947.3675,2566.8896,13164.1093,32007.7852,9172.4722,31635.5606,10152.2230,34424.5841,33970.8819,28544.2838,14044.6421,21586.0850,30622.3946,13606.5439,10059.2622,16621.3308,15658.0464,22297.3880,29644.6202,8674.7299,25964.7395,14239.2932,34319.2101,17479.1458,21898.0699,13603.5368,9916.1814,16187.9059,11224.5344,21011.2394,18012.6544,8062.5199,9138.1907,4245.9177,12327.0754,1480.3789,4923.6654,8264.6212,6665.5821,4705.4457,5800.9206,5798.0887,2257.5655,5326.2240,905.7254,3236.2529,4736.8914,7313.3859,3103.9133,3054.2645,3681.8754,6096.9895,6840.9576,1566.4105,6879.5908,1701.7440,693.0187,663.7791
0.2346,0.6343,0.7640,46.2924,1783.8559,2593.9888,5173.0337,33176.6792,52019.7562,58152.5620,40172.1011,25926.1217,36937.5558,58250.6285,45826.3754,37088.2836,36112.0436,41274.3626,28356.4475,12807.4196,18336.3772,20983.5771,20899.3662,34100.2968,3638.2729,11382.9023,34094.2466,11832.7014,33264.9430,10737.8786,38433.7799,34231.3453,30729.0153,14205.7300,24443.3500,31464.6922,14023.3067,11577.5478,16922.4633,17030.4725,22809.5764,32201.2603,10394.1702,26889.9800,16042.1191,35967.1186,18307.5565,24452.5273,13619.5596,10174.5061,17854.3524,11494.9581,22884.6894,19520.8902,8475.1852,9773.2159,4213.7453,13252.3663,1710.6320,5338.1193,9014.3715,6807.0645,5089.6915,6054.9339,6402.9756,2447.8807,5770.8977,768.6650,3580.8179,5290.6349,7688.9244,2803.3434,3493.6982,3954.3380,6792.8404,6828.8264,2031.6626,7185.7948,1686.1442,757.0858,721.3020
0.1472,0.4520,0.7959,30.0139,1131.9921,1045.5040,3766.9814,25097.8902,38501.9469,40172.1011,30243.6737,18366.7640,26267.5101,42673.0525,34115.3034,26822.8566,25999.0601,30018.5243,21056.2615,9432.2816,11920.9100,15500.3773,13714.7665,25812.4650,1860.6241,8705.6114,24555.1722,8671.7054,24849.2422,8334.5950,27712.6626,25132.0457,22076.2443,10715.4577,16867.8255,23340.7178,10346.6547,8176.7368,12626.3471,11939.0493,16890.9637,22398.8602,6425.0104,19761.8908,10658.5534,26388.3157,12823.9721,17607.5964,10587.7585,7185.4906,12660.9004,8446.6288,16366.2341,14234.4943,6114.4127,7040.0362,3211.3264,9424.0415,952.1575,3880.3356,6411.8406,5039.3567,3625.3495,4297.8374,4511.9926,1543.6435,4207.4347,711.9953,2363.1762,3832.6020,5585.4679,1912.5331,2572.8763,2818.8567,4764.9381,4946.6160,1325.0212,5293.6016,1422.0582,546.6970,533.0256
0.0853,0.3716,0.5110,19.5997,945.1676,2050.1056,2726.3467,13910.7624,25306.2266,25926.1217,18366.7640,13042.6452,16518.4354,26787.7886,21399.6604,16765.9205,18384.0895,18094.9499,13610.2131,7283.0842,7177.6649,11481.3082,7330.5272,18283.1129,766.8153,7489.9458,15575.0558,3827.9782,15359.1386,5090.4272,16167.1254,17608.5572,13463.6194,7140.3454,10262.9563,15328.1959,6943.2802,4623.9244,8485.8998,7708.9721,11461.4091,14853.0119,4207.0009,13034.0004,7257.1183,16969.4457,9064.6190,10557.7243,6669.8380,5270.9740,7774.6654,5836.0841,10163.2042,8765.5010,4126.0263,4449.4578,2218.7541,6118.4727,791.6115,2420.2196,4032.7617,3379.4168,2329.0995,2994.9514,2799.5392,1169.0098,2576.3845,470.0089,1618.2922,2295.1888,3656.8583,1584.1770,1461.6091,1856.9717,2955.8637,3584.4314,628.4062,3361.0109,812.4794,314.8176,311.0536
0.1847,0.3716,0.5934,37.2323,1189.8622,2736.9526,3795.6109,21034.4277,34133.0553,36937.5558,26267.5101,16518.4354,26187.1022,38100.0995,29453.2955,24898.2150,22909.1874,27302.5305,17701.5794,6950.7024,14052.8155,11884.9023,17135.6104,19831.8723,4773.6902,5331.7432,22690.7383,9345.8452,21350.6925,6441.2554,26995.4823,20721.5965,21165.1464,9206.3366,17846.2422,19753.4630,8387.1625,8534.8969,10568.3078,11543.8233,13811.5172,21552.8359,7637.3036,17013.1711,11099.8147,23170.1294,11831.7846,16470.7258,8884.3365,6314.8472,12355.9950,6990.0705,15657.5294,12658.3299,5431.8571,6508.4475,2520.1941,8873.1207,1374.6516,3405.0997,6117.4069,4322.8541,3393.1592,3815.3059,4451.2293,1767.2009,3846.1524,340.0529,2587.9738,3477.8928,5004.5109,1971.8511,2156.0290,2525.9400,4666.0328,4275.3264,1806.0248,4904.1075,1089.2905,516.8089,460.2834
0.2421,0.6359,0.7634,45.8852,1754.2139,1412.6457,5177.1432,35990.9562,55031.6476,58250.6285,42673.0525,26787.7886,38100.0995,61443.3578,48592.1001,38647.4826,37575.7574,43301.1561,30082.2392,12920.7389,17909.9608,21715.8793,21523.5229,35765.0646,2995.5280,11936.3550,35835.2832,12339.9967,35405.8045,10866.2412,40182.2398,35762.8984,32558.3252,14708.9855,25087.7888,33215.2707,14639.1600,12003.2212,17610.1696,17432.3365,24005.7500,32488.4844,10298.6103,28213.4308,16175.9147,37822.3490,18530.1053,25436.0259,14540.8433,10357.8674,18490.0729,11781.6129,23763.3385,20385.5752,8684.2202,10167.8616,4359.9177,13681.3791,1675.6175,5569.6563,9323.5204,7085.1630,5226.1099,6136.5214,6534.9138,2422.4253,6012.5759,887.7524,3561.3598,5525.1534,7977.4880,2838.7403,3673.8967,4066.7420,6994.5427,6979.7165,1960.0774,7543.9047,1855.3555,784.4567,761.4215
0.1534,0.5180,0.8217,32.6998,1305.9998,1020.2396,4203.0310,28424.1674,43950.6628,45826.3754,34115.3034,21399.6604,29453.2955,48592.1001,39075.4079,30428.9818,30286.5946,33973.4629,24220.0756,11337.3332,12997.5833,18518.4541,14560.4076,30406.5559,1267.7519,10838.3205,27851.9849,9300.2662,28374.4908,9503.3865,30923.3932,29432.7572,24849.4542,12336.8539,18706.2955,26929.0887,12049.9900,9014.0657,14596.1078,13601.2846,19521.7495,25453.3567,7246.4375,22771.1026,12122.0515,30248.3707,14881.4669,19847.2312,12099.3278,8377.6497,14227.6132,9848.4411,18454.5812,16179.2432,7048.8845,7988.7362,3746.8855,10734.0389,1083.4710,4420.2985,7251.2950,5810.3880,4132.6464,4997.1440,5076.2992,1774.2141,4776.1150,865.4146,2669.8393,4310.4128,6390.7489,2224.5449,2922.4174,3242.4308,5364.5524,5800.4590,1348.9842,5998.8007,1600.8788,611.5542,595.5615
0.1598,0.2900,0.4448,31.5607,1009.9741,1466.7748,3237.2325,22083.6858,34479.4880,37088.2836,26822.8566,16765.9205,24898.2150,38647.4826,30428.9818,24765.5576,23396.0589,27530.8783,18591.4845,7815.5459,12464.8946,13114.4326,14877.7641,21650.8468,2953.6564,6564.5587,22629.9877,8396.2176,22117.8277,6889.3107,26132.0616,21972.3349,20804.5409,9363.3915,16632.8258,20632.9276,9002.1195,7977.3689,10935.8829,11268.7317,14716.8603,21065.8824,6864.4064,17606.8212,10459.0978,23733.2074,11807.5959,16359.3294,9162.0919,6457.0785,11990.6245,7354.0201,15335.0948,12912.9197,5506.7688,6487.8166,2704.1468,8764.2096,1120.5876,3508.8935,6008.2451,4445.5237,3361.3255,3885.8739,4285.3439,1583.8604,3847.8417,481.5975,2352.5908,3513.0549,5056.8436,1820.7640,2302.7735,2569.3778,4534.3629,4372.2252,1427.8705,4842.1627,1147.8778,508.7817,476.3035
0.1018,0.5201,0.7994,26.1739,1267.5971,2847.6004,4379.9213,19472.0092,35933.5830,36112.0436,25999.0601,18384.0895,22909.1874,37575.7574,30286.5946,23396.0589,26375.7316,25245.0634,19354.9130,10784.2189,9325.1099,16868.0952,8919.9340,26979.1713,492.1897,11449.4756,21599.7288,4736.6261,21661.5897,7551.6676,22076.1684,25342.8398,18413.6195,10355.4435,13786.3520,21843.4416,9988.9843,6145.3262,12421.6751,10715.2909,16371.1699,20762.9487,5460.7660,18546.3031,10011.9021,23959.7324,12825.2134,14640.7909,9613.7480,7459.6175,10676.5275,8484.4905,14074.0514,12384.1587,5888.8477,6219.0734,3268.2200,8540.0695,974.2013,3366.9628,5573.7132,4872.8395,3254.2691,4281.0028,3860.9080,1605.7068,3582.2783,741.7234,2256.1209,3138.0291,5174.3927,2323.8178,2076.5114,2621.4136,4045.4617,5241.5119,749.2340,4725.9281,1202.3411,435.8782,425.5459
0.2090,0.4580,0.5221,34.3646,1250.6908,1055.3692,3037.9586,27793.8562,37641.2798,41274.3626,30018.5243,18094.9499,27302.5305,43301.1561,33973.4629,27530.8783,25245.0634,31398.2418,20836.7040,7771.8155,13965.7573,13693.3935,17688.2629,22598.7600,4016.1960,6835.7888,25493.3266,10186.3336,24954.3120,7215.8704,29658.8216,23609.8769,23884.1944,9681.2882,18740.2635,22676.2342,9904.5165,9132.1223,11524.8378,12430.8920,16209.9481,22928.5695,8186.5735,19324.5422,11728.4616,26326.4521,12456.0516,18578.3301,9728.1592,6921.5113,13497.9632,7729.0424,17156.5873,14615.6352,5884.3891,7251.1360,2772.4772,9648.0273,1261.5706,3972.9823,6707.0195,4729.5321,3691.8298,4126.3207,4733.7553,1736.3340,4299.7628,483.0737,2534.9005,4031.1181,5508.7487,1835.0195,2757.9409,2839.7253,5114.2111,4499.7271,1633.7868,5249.1952,1224.6290,577.2358,556.9865
0.0955,0.3861,0.5778,18.2653,963.4871,1237.3687,2597.4612,17667.5011,27427.6220,28356.4475,21056.2615,13610.2131,17701.5794,30082.2392,24220.0756,18591.4845,19354.9130,20836.7040,15328.5674,7432.5478,7342.9533,12076.6678,8188.7125,19573.3073,466.3631,7713.5989,17228.6979,5184.9325,17650.0243,5831.7928,18478.9946,18835.2983,15230.9754,7581.9117,11105.0492,16966.8940,7652.4105,5241.0496,9158.2639,8288.8555,12540.4186,15626.2952,4393.4374,14311.6342,7576.5263,18851.0725,9256.4179,12052.3618,7465.3540,5440.7291,8611.4339,6201.8356,11235.8392,10013.9810,4381.0531,4926.7208,2356.8502,6602.8444,719.4151,2738.2315,4419.0767,3635.9012,2518.7407,3132.4076,3025.7611,1131.5791,2891.4209,575.0800,1603.3981,2643.4446,3969.7232,1490.5322,1805.1460,2020.7873,3247.4375,3662.3427,653.2794,3670.8589,989.1227,364.3794,368.0889
0.0480,0.2165,0.6071,3.6814,440.5341,1204.8468,2404.6669,3655.9580,13132.2653,12807.4196,9432.2816,7283.0842,6950.7024,12920.7389,11337.3332,7815.5459,10784.2189,7771.8155,7432.5478,6551.8698,1215.9503,8977.7328,2047.9800,14231.1101,2742.2935,7142.3038,6652.1010,88.8121,7864.2717,4545.8096,5608.5995,11612.6259,4282.4318,5207.5948,2654.5173,8978.5360,4443.0756,1011.5226,5982.7072,3481.6129,7062.0126,7470.1871,83.0659,7470.6512,2523.8524,8974.8394,5443.1349,4368.4819,4528.1752,3271.3041,2893.7882,4227.0188,4213.1049,4252.4803,2559.9634,2032.8128,1824.5120,2922.0627,40.7307,1184.6995,1710.7372,2202.2592,1167.7888,1910.5397,1208.7671,374.4879,1228.1257,553.1459,632.0131,945.0891,2031.6811,891.7150,625.7489,990.7578,1090.9636,2578.9576,53.0836,1756.8232,652.7643,113.3826,123.0860
0.1675,0.3050,0.3593,24.4892,924.3810,2074.9696,993.9567,13438.3440,14925.0382,18336.3772,11920.9100,7177.6649,14052.8155,17909.9608,12997.5833,12464.8946,9325.1099,13965.7573,7342.9533,1215.9503,10179.1801,2881.0862,13426.2881,4809.3237,5569.4460,456.7648,11630.6265,6629.9738,9540.2172,2000.3740,15217.5405,7338.4992,11705.2020,3157.2084,10985.6043,7952.8740,3100.0967,5384.4360,3483.0365,5983.0779,5414.8659,10936.3767,5654.5856,7077.3198,6324.1692,10326.4315,5144.0679,8831.4791,3159.2121,2874.6319,6870.2194,2341.0487,8349.9201,6170.8005,2262.2642,3270.2908,660.5836,4443.2483,1314.8910,1669.2501,3246.7383,1618.3888,1684.0212,1554.6824,2435.4919,1069.5253,1939.4374,137.0966,1481.0312,1861.0147,2228.0457,872.4208,1155.5610,1168.3288,2635.5104,1417.7728,1394.7558,2281.2018,300.3070,288.5747,242.6520
0.0274,0.2937,0.7705,8.9893,645.2275,1612.4499,2918.7111,9245.6555,21503.8809,20983.5771,15500.3773,11481.3082,11884.9023,21715.8793,18518.4541,13114.4326,16868.0952,13693.3935,12076.6678,8977.7328,2881.0862,12977.4794,333.7068,20614.2860,3040.6264,9929.5146,11583.3776,939.2494,13027.9472,6077.8039,10518.5881,17519.6175,8605.8793,7451.1105,5576.6183,14097.2858,6826.5070,2305.8504,8863.1170,5876.8369,10848.3443,11968.1317,1297.5766,11794.7716,4806.5112,14550.9671,8279.9674,7698.6244,6681.8014,4876.7646,5269.7334,6154.9018,7379.3874,7144.2697,3875.2148,3456.8173,2557.6914,4829.2607,177.9685,1968.3102,2953.8651,3313.9910,1890.4577,2868.9513,2026.2266,735.7906,2035.5347,756.3679,1121.2197,1666.8225,3201.4382,1392.3507,1144.1946,1593.9710,1989.8539,3781.3830,40.3664,2799.3892,923.4205,212.3529,225.6475
0.3009,0.2430,0.3854,33.4596,993.7469,1225.4403,560.2623,17477.6969,16953.0884,20899.3662,13714.7665,7330.5272,17135.6104,21523.5229,14560.4076,14877.7641,8919.9340,17688.2629,8188.7125,2047.9800,13426.2881,333.7068,22001.2596,332.2143,9200.9584,4302.8541,14883.3067,9139.4467,11216.4304,372.4295,20102.5805,5382.6680,16640.9995,1468.2790,15233.1166,7945.4222,2588.2675,7561.6239,1750.9372,7172.2412,5133.5503,12261.4661,8813.3134,7173.7777,8620.5197,11562.1900,4583.5946,11173.1912,2149.3875,2614.8142,8987.0251,1079.3760,10489.5944,7324.6603,1945.6558,3991.6384,128.7100,5201.6722,1652.9290,2028.1640,4060.2887,1220.7741,1890.6283,1269.2355,2937.5568,1450.4101,2301.5134,572.1406,1808.7902,2452.0795,2312.1917,807.7162,1449.6973,1271.3394,3452.9855,605.6201,1959.2696,2493.1485,8.8673,373.5961,337.5564
0.0545,0.3505,1.0482,15.4144,780.4152,1760.6537,4862.0584,13747.0766,34947.3675,34100.2968,25812.4650,18283.1129,19831.8723,35765.0646,30406.5559,21650.8468,26979.1713,22598.7600,19573.3073,14231.1101,4809.3237,20614.2860,332.2143,33819.2244,5028.4697,15281.6165,18880.5632,2256.6859,21403.3784,10254.5091,17886.5153,28171.6739,14071.3681,12468.5579,9293.9360,22943.0619,10948.3176,3987.2070,14949.7615,9538.9744,17307.0505,19197.3576,1600.7461,19239.9152,7497.4618,23804.0839,13364.3024,12753.1224,11293.1063,7578.9912,8689.5796,10012.3563,12151.9789,11683.3129,6324.7144,5634.0779,4197.3285,7881.4809,152.8964,3149.1713,4838.4749,5472.3132,3086.4224,4592.7818,3331.7189,1076.2052,3358.5677,1268.8949,1850.5997,2692.3219,5247.2285,2143.2599,1843.8901,2574.1792,3243.6046,6119.4695,24.5723,4676.6950,1658.8888,360.1672,359.0758
0.1529,0.2943,0.2084,14.3180,775.1951,1783.1399,1096.9328,8801.7377,2566.8896,3638.2729,1860.6241,766.8153,4773.6902,2995.5280,1267.7519,2953.6564,492.1897,4016.1960,466.3631,2742.2935,5569.4460,3040.6264,9200.9584,5028.4697,6466.4741,2947.2993,3038.3467,4705.5637,1356.4818,518.1131,6023.7388,1926.6478,4699.0198,696.8885,5178.5298,483.1114,711.5739,2730.4747,1259.6262,1642.2658,569.2263,2586.7397,3812.2316,119.4778,3395.0471,917.7805,550.4915,2880.8229,532.7932,646.8062,2386.6044,950.9556,2468.6045,1374.5435,36.2351,724.1206,591.9400,1040.5987,873.2025,328.2101,972.1293,241.5833,374.1824,75.2154,836.2950,669.6329,501.0201,365.5733,635.4809,599.4158,202.4371,463.2359,484.3702,113.9013,945.1941,474.8334,1297.1873,427.4318,136.2135,110.1278,96.4250
0.0508,0.3472,1.0365,1.3432,578.7624,2218.2455,2431.6525,6562.3043,13164.1093,11382.9023,8705.6114,7489.9458,5331.7432,11936.3550,10838.3205,6564.5587,11449.4756,6835.7888,7713.5989,7142.3038,456.7648,9929.5146,4302.8541,15281.6165,2947.2993,9247.5652,5915.5834,59.4927,7594.6841,4012.0925,3341.6221,12199.1121,3406.9976,5003.1532,1172.1995,9003.2201,4680.0674,17.2185,5943.0998,2927.2595,7524.2666,6701.5934,256.2332,7413.4127,2506.3115,8533.9924,5316.1320,3479.4236,4153.7857,3446.6725,2104.9383,4261.5948,3361.2956,3993.0190,2447.3909,1809.3283,1840.7336,2564.9878,42.6018,1114.1110,1373.2117,2161.9100,990.1712,1903.5326,870.1725,436.9227,976.8806,704.4837,546.5431,816.8242,1898.3311,1137.5293,709.9474,948.4229,799.4039,2702.0321,206.8353,1520.8518,788.1912,75.1450,127.5253
0.1784,0.4205,0.3219,29.1128,1210.7077,1361.7892,2830.1183,21431.9266,32007.7852,34094.2466,24555.1722,15575.0558,22690.7383,35835.2832,27851.9849,22629.9877,21599.7288,25493.3266,17228.6979,6652.1010,11630.6265,11583.3776,14883.3067,18880.5632,3038.3467,5915.5834,21691.2915,7572.1238,20402.3983,5356.6535,24117.9854,19987.6229,19813.0170,7860.4656,15626.6050,18856.3529,8162.9879,7443.0184,9442.4207,10319.6469,13690.4867,19081.9840,7019.7363,16077.3045,10012.0990,21830.1268,10587.5330,15076.9338,7857.5214,6083.8335,11144.0070,6378.1903,14132.0959,11857.2249,4891.2346,5988.3279,2260.9750,8079.8689,1264.2829,3260.5206,5559.8553,3914.2024,3044.9207,3453.8212,3872.3239,1546.6793,3508.1505,360.4675,2166.8763,3292.2221,4574.6492,1697.6375,2140.2502,2352.6015,4237.2348,3789.0894,1265.4233,4342.9487,932.6009,465.5338,453.7841
0.1438,0.3356,0.4257,16.0212,740.5841,2090.6981,1470.2139,13178.8260,9172.4722,11832.7014,8671.7054,3827.9782,9345.8452,12339.9967,9300.2662,8396.2176,4736.6261,10186.3336,5184.9325,88.8121,6629.9738,939.2494,9139.4467,2256.6859,4705.5637,59.4927,7572.1238,5934.7935,7128.4477,1558.6326,11014.2155,3903.0751,7988.5421,2335.8026,7272.2604,5186.1496,2041.4181,3896.2309,2143.6717,3772.8390,3256.6277,6473.4415,3606.8494,4488.4362,3452.2105,6901.2149,3040.3939,6336.7129,2419.1846,1210.7594,4578.6129,1312.2696,5487.9076,4492.2043,1372.2967,2111.9541,387.1631,2792.2173,797.7612,1192.2838,2136.4051,999.2157,1097.5326,860.3943,1633.6635,644.1189,1391.8997,41.7231,896.5404,1376.9584,1411.3705,566.6157,1051.6971,725.4293,1732.2018,700.4494,1099.2861,1553.7589,329.8221,210.3480,199.9692
0.1227,0.4104,0.6802,22.7703,1068.6489,1136.6658,2980.7696,21574.0272,31635.5606,33264.9430,24849.2422,15359.1386,21350.6925,35405.8045,28374.4908,22117.8277,21661.5897,24954.3120,17650.0243,7864.2717,9540.2172,13027.9472,11216.4304,21403.3784,1356.4818,7594.6841,20402.3983,7128.4477,20907.3146,6670.1075,22863.3003,21045.7940,18400.3595,8880.8611,13770.2146,19476.6022,8665.4991,6711.2158,10315.2073,9816.3869,14153.1064,18206.3126,5423.6675,16428.4858,8622.0501,22007.1572,10537.1770,14555.5268,8764.2555,6033.1782,10427.4884,6936.1856,13460.6320,11802.9672,5018.3121,5815.3607,2621.8997,7771.2218,851.8766,3245.7764,5286.4809,4138.9989,2979.1230,3541.9899,3666.9366,1253.1348,3486.4092,610.1820,1874.0433,3199.3434,4611.1368,1556.1842,2162.7163,2338.7159,3916.0447,4022.1390,1040.7114,4353.1778,1182.9270,446.3135,443.6295
0.0285,0.1996,0.6864,5.0634,277.9375,1246.5124,1948.9670,5776.5705,10152.2230,10737.8786,8334.5950,5090.4272,6441.2554,10866.2412,9503.3865,6889.3107,7551.6676,7215.8704,5831.7928,4545.8096,2000.3740,6077.8039,372.4295,10254.5091,518.1131,4012.0925,5356.6535,1558.6326,6670.1075,4501.0169,5984.3956,8139.5795,4121.6262,4323.6626,2886.0593,6855.2312,3266.5702,1393.7855,4822.3495,2990.0816,4783.3278,6032.9106,11.9379,5769.7126,1920.0245,7176.5848,4104.5529,4146.9481,3879.5558,2106.2364,2718.7596,3266.3693,3866.4613,3722.3636,2032.7514,1738.7697,1425.3439,2405.5818,64.2863,941.1293,1486.4812,1739.7763,988.4282,1436.3815,1128.8830,226.3661,1084.7986,459.6270,554.9713,818.9389,1627.9611,638.2574,627.5984,779.4294,985.5211,1928.5607,192.1740,1514.8034,622.8334,126.3088,108.7491
0.2243,0.3653,0.4779,37.8299,1032.6870,2022.3085,3083.0433,26370.3192,34424.5841,38433.7799,27712.6626,16167.1254,26995.4823,40182.2398,30923.3932,26132.0616,22076.1684,29658.8216,18478.9946,5608.5995,15217.5405,10518.5881,20102.5805,17886.5153,6023.7388,3341.6221,24117.9854,11014.2155,22863.3003,5984.3956,29511.1961,19970.1691,23273.3599,8644.3350,19272.6322,20092.6198,8398.5538,9499.5052,9910.1817,11911.6149,13900.3432,21672.4087,8383.3303,17234.3425,11243.3681,24032.1839,11364.9898,17845.2983,8747.2208,6018.3111,13233.0376,6525.9457,16566.0793,13501.6449,5290.2708,6822.0690,2254.2339,9128.8468,1372.0646,3676.2578,6462.3436,4173.0833,3487.6218,3647.9853,4649.9212,1689.0936,4089.3881,256.3970,2556.6628,3857.1537,5053.5672,1672.3054,2533.1703,2579.7348,5000.8514,3807.5947,2008.7861,4989.3456,1070.6727,566.7411,526.3303
0.0403,0.4408,0.7881,19.3707,1098.5231,2058.4772,3611.5852,17176.2237,33970.8819,34231.3453,25132.0457,17608.5572,20721.5965,35762.8984,29432.7572,21972.3349,25342.8398,23609.8769,18835.2983,11612.6259,7338.4992,17519.6175,5382.6680,28171.6739,1926.6478,12199.1121,19987.6229,3903.0751,21045.7940,8139.5795,19970.1691,25439.7165,16339.7849,10605.3490,11640.3743,21541.4603,10012.4759,5210.3130,12611.9251,9860.0812,16238.3001,19305.5884,3845.3897,18145.3642,8595.7558,23142.4103,12467.4002,13565.0027,9853.4601,7300.2943,9603.7085,8662.9441,12885.2936,11736.9506,5796.2688,5782.0369,3455.4990,7984.7125,661.6075,3231.2148,5126.3188,4868.3444,3076.5686,4212.0124,3520.3588,1312.8272,3412.1170,911.2721,1933.8159,2942.5028,5005.8094,2045.2069,1952.5653,2510.0363,3632.4833,5253.5612,360.5334,4520.7651,1317.0722,394.2562,398.8984
0.2212,0.3914,0.1791,29.7985,1184.3418,1089.0100,2186.7175,21687.6983,28544.2838,30729.0153,22076.2443,13463.6194,21165.1464,32558.3252,24849.4542,20804.5409,18413.6195,23884.1944,15230.9754,4282.4318,11705.2020,8605.8793,16640.9995,14071.3681,4699.0198,3406.9976,19813.0170,7988.5421,18400.3595,4121.6262,23273.3599,16339.7849,19522.8686,6152.7685,15470.5062,16233.2467,6864.9358,7490.5564,7518.9367,9531.2220,11603.4870,17318.6010,7527.8126,13920.4344,9555.1273,19395.7881,8981.8753,14203.1953,6414.5806,5097.2295,10645.5795,4998.8121,13314.7063,10835.8076,4106.2342,5533.2633,1625.7061,7319.8500,1383.1174,2985.8272,5196.0224,3231.1790,2753.8140,2886.8299,3636.8581,1495.3290,3225.9123,142.4222,2043.6593,3114.7346,4007.5552,1448.1210,2019.2294,2091.8723,4049.3613,2955.3926,1432.0359,3861.5443,707.8055,450.1092,434.6774
0.0152,0.1563,0.6236,8.0604,303.3952,1348.7325,2340.4124,7190.8321,14044.6421,14205.7300,10715.4577,7140.3454,9206.3366,14708.9855,12336.8539,9363.3915,10355.4435,9681.2882,7581.9117,5207.5948,3157.2084,7451.1105,1468.2790,12468.5579,696.8885,5003.1532,7860.4656,2335.8026,8880.8611,4323.6626,8644.3350,10605.3490,6152.7685,5461.0476,4757.2961,9040.4473,4066.7344,2237.3890,5845.3088,4164.9723,6404.5173,8184.6560,722.5515,7586.5489,3184.8720,9668.5402,5472.1319,5640.7441,4900.8460,2797.8845,3942.5861,3914.3643,5368.7238,4810.2395,2588.4449,2366.7342,1660.0060,3355.6855,139.6511,1290.5812,2111.3381,2209.2874,1326.5128,1843.3736,1549.3130,478.9574,1477.0574,481.1340,811.8561,1171.3304,2173.9487,898.4291,784.5740,1024.4509,1439.6972,2373.5801,308.7113,2092.3843,730.4818,168.3138,147.7236
0.1866,0.2307,0.1077,28.1684,888.8962,1613.6175,1738.5444,15429.8986,21586.0850,24443.3500,16867.8255,10262.9563,17846.2422,25087.7888,18706.2955,16632.8258,13786.3520,18740.2635,11105.0492,2654.5173,10985.6043,5576.6183,15233.1166,9293.9360,5178.5298,1172.1995,15626.6050,7272.2604,13770.2146,2886.0593,19272.6322,11640.3743,15470.5062,4757.2961,13391.3728,11973.7802,4855.3125,6466.0197,5529.9945,7803.3505,8300.6083,14232.6210,6544.6136,10425.3716,8082.2050,14750.8315,7103.1338,11455.2703,4827.9725,3889.5671,8773.9437,3664.2727,10829.6735,8408.8924,3203.4791,4385.4738,1142.2126,5898.5418,1187.8820,2287.3539,4222.2493,2435.6389,2222.6289,2223.6697,3056.9782,1311.0486,2557.2159,33.6311,1809.1909,2453.8776,3121.2533,1178.0987,1516.3467,1618.4948,3344.1073,2211.1020,1456.6736,3109.6753,497.2751,365.3811,329.9049
0.0772,0.3532,0.5489,19.6746,942.3015,1067.3148,3182.4185,17570.8283,30622.3946,31464.6922,23340.7178,15328.1959,19753.4630,33215.2707,26929.0887,20632.9276,21843.4416,22676.2342,16966.8940,8978.5360,7952.8740,14097.2858,7945.4222,22943.0619,483.1114,9003.2201,18856.3529,5186.1496,19476.6022,6855.2312,20092.6198,21541.4603,16233.2467,9040.4473,11973.7802,19122.3005,8636.2015,5601.0289,10662.9547,9208.9440,14084.4761,17532.0336,4289.7540,16108.4974,8132.4905,21026.0633,10698.1909,13154.9386,8755.3449,6174.7922,9385.6463,7245.9169,12336.4059,10987.0242,5042.8728,5418.6112,2821.0533,7366.1219,695.6255,3009.1999,4867.5260,4200.4878,2826.7500,3606.9189,3366.4975,1203.1644,3209.8199,699.0243,1779.5933,2865.2037,4488.7692,1685.9964,1912.0408,2254.5941,3533.7310,4302.1499,652.8820,4183.5271,1168.0844,395.5092,391.5659
0.0253,0.1744,0.3274,8.1195,427.4065,686.2713,1456.3340,7917.0858,13606.5439,14023.3067,10346.6547,6943.2802,8387.1625,14639.1600,12049.9900,9002.1195,9988.9843,9904.5165,7652.4105,4443.0756,3100.0967,6826.5070,2588.2675,10948.3176,711.5739,4680.0674,8162.9879,2041.4181,8665.4991,3266.5702,8398.5538,10012.4759,6864.9358,4066.7344,4855.3125,8636.2015,4072.8284,2252.1804,4940.8646,4023.1455,6496.5557,7846.4553,1786.4920,7282.9121,3633.9898,9373.4611,4864.0116,5700.6570,3858.4018,2852.5738,3997.6132,3409.3199,5321.3200,4894.6880,2295.1100,2383.1546,1339.3477,3227.0869,254.3421,1347.7307,2111.0390,1915.4785,1251.7740,1666.7031,1456.0712,554.6832,1417.5629,349.3591,781.2542,1248.3261,2003.3281,763.6317,866.3765,1022.4136,1518.8782,2039.4977,171.8393,1797.2819,526.8163,167.8564,171.7714
0.0883,0.1203,0.0980,13.1698,348.7730,757.2067,762.5195,8671.3352,10059.2622,11577.5478,8176.7368,4623.9244,8534.8969,12003.2212,9014.0657,7977.3689,6145.3262,9132.1223,5241.0496,1011.5226,5384.4360,2305.8504,7561.6239,3987.2070,2730.4747,17.2185,7443.0184,3896.2309,6711.2158,1393.7855,9499.5052,5210.3130,7490.5564,2237.3890,6466.0197,5601.0289,2252.1804,3230.0745,2503.2168,3689.8977,3783.7593,6609.5058,3054.7239,4857.4662,3613.4817,7011.5406,3224.1959,5587.8557,2310.9414,1697.9592,4237.3245,1643.3689,5194.3032,4048.3327,1476.1000,2090.2378,507.7430,2782.2348,540.8218,1112.1242,2026.2546,1117.1704,1057.5827,1006.8516,1473.9919,565.3914,1262.3590,14.5993,827.0493,1211.7928,1463.9158,495.9253,785.2720,757.4255,1606.7797,949.1519,744.6899,1478.4664,256.0606,181.3106,165.2547
0.0033,0.1477,0.5897,12.2590,379.5173,1071.1407,2877.8954,7053.9617,16621.3308,16922.4633,12626.3471,8485.8998,10568.3078,17610.1696,14596.1078,10935.8829,12421.6751,11524.8378,9158.2639,5982.7072,3483.0365,8863.1170,1750.9372,14949.7615,1259.6262,5943.0998,9442.4207,2143.6717,10315.2073,4822.3495,9910.1817,12611.9251,7518.9367,5845.3088,5529.9945,10662.9547,4940.8646,2503.2168,7077.7375,4884.2190,7711.4569,9586.3758,1383.5491,9048.7904,3978.2422,11417.7939,6323.7561,6637.7826,5359.7462,3292.4486,4637.3738,4557.2491,6318.5819,5764.8778,2990.0922,2818.0510,1876.0784,3928.8946,142.7727,1512.4475,2485.7351,2562.8838,1540.0589,2132.4607,1776.0355,577.7348,1683.1886,532.7301,1050.3333,1367.9860,2522.1803,990.4712,913.3136,1236.8220,1725.1006,2841.5606,324.7722,2323.0284,803.2339,196.1675,177.6057
0.0793,0.1752,0.1965,15.6691,575.8735,1017.4061,1644.5446,9594.2173,15658.0464,17030.4725,11939.0493,7708.9721,11543.8233,17432.3365,13601.2846,11268.7317,10715.2909,12430.8920,8288.8555,3481.6129,5983.0779,5876.8369,7172.2412,9538.9744,1642.2658,2927.2595,10319.6469,3772.8390,9816.3869,2990.0816,11911.6149,9860.0812,9531.2220,4164.9723,7803.3505,9208.9440,4023.1455,3689.8977,4884.2190,5246.5862,6566.3878,9807.5372,3433.5738,7909.0939,5020.1810,10673.0698,5447.3920,7432.2563,3998.0502,2977.9569,5523.3524,3303.3077,7040.9424,5824.7091,2505.3446,2964.1156,1192.9772,4025.5020,581.2749,1578.8632,2758.5160,1995.5046,1543.0025,1790.1742,1987.3091,791.9296,1736.7852,179.3375,1138.6339,1579.9155,2291.7335,886.4708,1011.9535,1173.3700,2098.9158,2003.0859,771.3920,2187.4115,473.5122,230.7475,210.8154
0.0581,0.3867,0.6842,12.6301,936.6177,1616.5257,1989.3519,13006.9923,22297.3880,22809.5764,16890.9637,11461.4091,13811.5172,24005.7500,19521.7495,14716.8603,16371.1699,16209.9481,12540.4186,7062.0126,5414.8659,10848.3443,5133.5503,17307.0505,569.2263,7524.2666,13690.4867,3256.6277,14153.1064,4783.3278,13900.3432,16238.3001,11603.4870,6404.5173,8300.6083,14084.4761,6496.5557,3783.7593,7711.4569,6566.3878,10878.4719,12866.9015,3243.1674,11848.4670,6030.9129,15322.3357,7902.2227,9346.3778,6167.9199,4910.5320,6650.5571,5366.5078,8780.3860,7955.4017,3683.1074,3915.4227,2081.0819,5321.0358,580.4898,2221.6533,3491.7883,3057.6097,2027.9870,2688.2866,2367.4893,935.0266,2297.2404,524.8132,1273.9498,2089.0671,3263.1960,1313.0964,1401.1919,1658.6568,2529.0085,3188.6441,300.6837,2953.3416,818.0547,272.5446,291.8681
0.1341,0.4364,0.5914,29.0921,1283.5610,2541.0979,3502.3828,16356.7675,29644.6202,32201.2603,22398.8602,14853.0119,21552.8359,32488.4844,25453.3567,21065.8824,20762.9487,22928.5695,15626.2952,7470.1871,10936.3767,11968.1317,12261.4661,19197.3576,2586.7397,6701.5934,19081.9840,6473.4415,18206.3126,6032.9106,21672.4087,19305.5884,17318.6010,8184.6560,14232.6210,17532.0336,7846.4553,6609.5058,9586.3758,9807.5372,12866.9015,19262.5462,6266.4426,15079.8703,9477.3077,20083.0935,10663.6751,13714.5118,7687.3955,6109.6994,10188.2698,6576.4463,13088.2207,10885.4671,4870.1671,5549.4332,2416.4711,7588.2685,1105.5338,2965.6097,5144.6941,3885.1172,2921.4891,3514.7442,3782.0995,1527.5815,3238.0877,385.1201,2166.8774,2913.9780,4374.4188,1779.8665,1847.8411,2241.8482,3888.9894,4022.4973,1388.3463,4122.5272,910.6962,423.2703,385.2217
0.1341,0.2289,0.1080,16.8617,687.1028,1383.8820,804.5831,9433.8116,8674.7299,10394.1702,6425.0104,4207.0009,7637.3036,10298.6103,7246.4375,6864.4064,5460.7660,8186.5735,4393.4374,83.0659,5654.5856,1297.5766,8813.3134,1600.7461,3812.2316,256.2332,7019.7363,3606.8494,5423.6675,11.9379,8383.3303,3845.3897,7527.8126,722.5515,6544.6136,4289.7540,1786.4920,3054.7239,1383.5491,3433.5738,3243.1674,6266.4426,4471.8063,3830.0117,4385.7671,5743.9226,2637.7744,5045.6110,845.7137,1722.0092,4019.4989,931.9334,4783.5257,3582.0115,1080.5258,1916.8262,92.4171,2494.0157,801.8781,1035.7043,1872.8119,701.2194,914.5558,792.5087,1336.0426,794.4009,1049.8917,205.8949,965.8694,1176.9583,1146.9172,545.2460,751.4695,677.2826,1591.2973,664.2202,837.1533,1076.5929,17.5281,160.1109,171.0395
0.0709,0.2854,0.3930,18.1063,789.1028,1008.7179,2753.9383,14709.8887,25964.7395,26889.9800,19761.8908,13034.0004,17013.1711,28213.4308,22771.1026,17606.8212,18546.3031,19324.5422,14311.6342,7470.6512,7077.3198,11794.7716,7173.7777,19239.9152,119.4778,7413.4127,16077.3045,4488.4362,16428.4858,5769.7126,17234.3425,18145.3642,13920.4344,7586.5489,10425.3716,16108.4974,7282.9121,4857.4662,9048.7904,7909.0939,11848.4670,15079.8703,3830.0117,13639.4116,7116.9554,17809.8207,9128.0914,11252.3738,7281.4394,5221.2793,8070.7830,6118.6071,10583.0313,9348.6808,4282.9098,4628.1044,2364.0830,6297.5449,621.7354,2547.7050,4174.2991,3553.4776,2416.3801,3061.0260,2899.4149,1069.3310,2730.8180,561.0253,1579.6006,2432.2148,3812.5438,1448.7253,1620.5404,1922.9541,3046.7477,3660.6579,615.5245,3535.9305,961.1660,339.0791,330.6793
0.1231,0.2550,0.2250,18.0101,743.0473,1677.2856,1905.9047,10898.8935,14239.2932,16042.1191,10658.5534,7257.1183,11099.8147,16175.9147,12122.0515,10459.0978,10011.9021,11728.4616,7576.5263,2523.8524,6324.1692,4806.5112,8620.5197,7497.4618,3395.0471,2506.3115,10012.0990,3452.2105,8622.0501,1920.0245,11243.3681,8595.7558,9555.1273,3184.8720,8082.2050,8132.4905,3633.9898,3613.4817,3978.2422,5020.1810,6030.9129,9477.3077,4385.7671,7116.9554,6090.5721,9611.2492,4888.2796,7044.5979,3076.1396,2904.5421,5390.1454,2694.9277,6780.7548,5476.2144,2190.3474,2816.2410,857.0233,3813.9002,767.8365,1469.4947,2632.2340,1689.0033,1413.7841,1573.6812,1859.9692,1014.2340,1535.0682,13.9497,1223.9190,1490.6660,2059.0917,1005.8188,1023.5689,1096.7963,2090.4460,1723.8245,801.7874,1972.2724,276.3731,215.9395,208.2648
0.1199,0.3827,0.4862,25.8271,1065.7948,1024.2827,3397.9939,20921.0706,34319.2101,35967.1186,26388.3157,16969.4457,23170.1294,37822.3490,30248.3707,23733.2074,23959.7324,26326.4521,18851.0725,8974.8394,10326.4315,14550.9671,11562.1900,23804.0839,917.7805,8533.9924,21830.1268,6901.2149,22007.1572,7176.5848,24032.1839,23142.4103,19395.7881,9668.5402,14750.8315,21026.0633,9373.4611,7011.5406,11417.7939,10673.0698,15322.3357,20083.0935,5743.9226,17809.8207,9611.2492,23628.8609,11807.8656,15409.4602,9384.8477,6687.7004,11133.9769,7710.2749,14430.2798,12549.3838,5540.0613,6241.1081,2922.1157,8441.2588,937.0000,3435.4119,5681.5420,4554.5480,3233.2750,3940.1730,3963.2797,1428.7509,3703.9879,647.5962,2132.1895,3348.8395,5015.8863,1843.2664,2214.5158,2539.4076,4199.5687,4572.7587,1019.2287,4700.1113,1222.8409,469.3478,457.0697
0.0447,0.2669,0.5200,14.0579,641.2296,1600.7203,2010.4957,7628.4367,17479.1458,18307.5565,12823.9721,9064.6190,11831.7846,18530.1053,14881.4669,11807.5959,12825.2134,12456.0516,9256.4179,5443.1349,5144.0679,8279.9674,4583.5946,13364.3024,550.4915,5316.1320,10587.5330,3040.3939,10537.1770,4104.5529,11364.9898,12467.4002,8981.8753,5472.1319,7103.1338,10698.1909,4864.0116,3224.1959,6323.7561,5447.3920,7902.2227,10663.6751,2637.7744,9128.0914,4888.2796,11807.8656,6707.2465,7370.9515,4993.1683,3669.8310,5378.5566,4301.3977,7085.9076,6057.2487,3003.5093,3062.0079,1681.6230,4306.0675,495.0480,1657.5723,2812.8862,2468.1491,1667.6326,2176.0517,2026.2855,783.0394,1821.8343,363.0684,1173.7662,1549.7304,2605.4464,1120.4125,969.2158,1302.4591,2045.6884,2663.8636,530.1849,2421.9052,657.0312,220.7729,199.9434
0.1295,0.2313,0.2665,21.5994,687.1971,818.4273,1671.2542,16071.3937,21898.0699,24452.5273,17607.5964,10557.7243,16470.7258,25436.0259,19847.2312,16359.3294,14640.7909,18578.3301,12052.3618,4368.4819,8831.4791,7698.6244,11173.1912,12753.1224,2880.8229,3479.4236,15076.9338,6336.7129,14555.5268,4146.9481,17845.2983,13565.0027,14203.1953,5640.7441,11455.2703,13154.9386,5700.6570,5587.8557,6637.7826,7432.2563,9346.3778,13714.5118,5045.6110,11252.3738,7044.5979,15409.4602,7370.9515,11119.3617,5648.7154,4094.3283,8111.3622,4467.8434,10258.5755,8647.8170,3459.4702,4297.6211,1586.9428,5742.5543,799.1356,2342.3013,4012.1662,2750.3075,2199.6384,2417.9685,2855.7219,1048.1485,2557.5517,235.1520,1548.0642,2398.4612,3242.1052,1068.0697,1622.4499,1671.4328,3079.1072,2602.5198,1044.3383,3115.2837,694.9398,346.1355,328.3576
0.0002,0.1354,0.5790,8.7975,188.2546,1026.6464,2383.7797,7600.9100,13603.5368,13619.5596,10587.7585,6669.8380,8884.3365,14540.8433,12099.3278,9162.0919,9613.7480,9728.1592,7465.3540,4528.1752,3159.2121,6681.8014,2149.3875,11293.1063,532.7932,4153.7857,7857.5214,2419.1846,8764.2555,3879.5558,8747.2208,9853.4601,6414.5806,4900.8460,4827.9725,8755.3449,3858.4018,2310.9414,5359.7462,3998.0502,6167.9199,7687.3955,845.7137,7281.4394,3076.1396,9384.8477,4993.1683,5648.7154,4764.0127,2566.4880,3936.8689,3561.8790,5295.5228,4764.3300,2393.8275,2323.8002,1489.5004,3228.4479,108.4293,1294.0477,2073.2077,2051.2578,1263.9640,1681.6571,1492.3661,427.1453,1435.7580,427.9330,807.6458,1210.3825,2066.8853,764.2942,806.8203,976.6489,1439.2992,2113.6326,315.9466,2044.6290,693.1349,171.5357,161.5480
0.0331,0.2401,0.4198,7.2143,587.4957,1213.8444,1710.0938,5981.8968,9916.1814,10174.5061,7185.4906,5270.9740,6314.8472,10357.8674,8377.6497,6457.0785,7459.6175,6921.5113,5440.7291,3271.3041,2874.6319,4876.7646,2614.8142,7578.9912,646.8062,3446.6725,6083.8335,1210.7594,6033.1782,2106.2364,6018.3111,7300.2943,5097.2295,2797.8845,3889.5671,6174.7922,2852.5738,1697.9592,3292.4486,2977.9569,4910.5320,6109.6994,1722.0092,5221.2793,2904.5421,6687.7004,3669.8310,4094.3283,2566.4880,2744.7183,2995.1658,2384.1835,3932.9718,3454.2825,1657.6383,1740.9875,913.2943,2399.8333,370.5691,988.1315,1577.3012,1337.5960,916.8035,1226.7527,1090.0368,481.7834,1007.3465,208.0860,634.1621,927.6711,1450.5343,650.0671,588.5774,742.7568,1159.3184,1445.3611,475.9852,1300.0034,306.5710,116.0054,129.2765
