194.8362,893.2250,1664.9153,2160.1338,2181.1228,1206.7661,1551.8499,1369.3687,2276.2231
893.2250,11437.1723,15677.1632,9642.4819,7911.4978,5753.0350,6368.9814,7082.6038,9485.7331
1664.9153,15677.1632,58089.2472,31546.5062,33035.1659,18679.9898,24859.0357,23373.7537,36959.3066
2160.1338,9642.4819,31546.5062,57877.8001,40832.2885,25119.1155,37270.9759,30717.3245,60877.6519
2181.1228,7911.4978,33035.1659,40832.2885,37419.0762,15375.6259,29474.2704,17738.2866,45012.9297
1206.7661,5753.0350,18679.9898,25119.1155,15375.6259,19556.9957,15215.9079,18926.1617,25135.5965
1551.8499,6368.9814,24859.0357,37270.9759,29474.2704,15215.9079,28053.7724,18025.7376,40806.4335
1369.3687,7082.6038,23373.7537,30717.3245,17738.2866,18926.1617,18025.7376,25038.9315,33435.8846
2276.2231,9485.7331,36959.3066,60877.6519,45012.9297,25135.5965,40806.4335,33435.8846,66641.4437
