7395.2084,2109.9518,1706.2239,3126.0829,17949.4815,2639.3877,35735.7702,16832.9375,12819.5247
2109.9518,5146.5963,1131.1019,3387.4335,6187.8981,1902.8028,14692.1365,16325.7406,12273.6306
1706.2239,1131.1019,1469.2272,1455.4042,2156.1611,1304.5327,2233.6968,2766.4295,1883.9675
3126.0829,3387.4335,1455.4042,50436.9236,4116.8197,2702.6304,479124.6646,2205671.8294,830569.5517
17949.4815,6187.8981,2156.1611,4116.8197,523687.8465,6021.1226,118905.7651,53054.6245,76644.3421
2639.3877,1902.8028,1304.5327,2702.6304,6021.1226,2675.7436,16047.9043,12275.4650,12684.2843
35735.7702,14692.1365,2233.6968,479124.6646,118905.7651,16047.9043,472838586.7819,1185185911.7696,148580591.6594
16832.9375,16325.7406,2766.4295,2205671.8294,53054.6245,12275.4650,1185185911.7696,61622075706.7344,3975963610.4330
12819.5247,12273.6306,1883.9675,830569.5517,76644.3421,12684.2843,148580591.6594,3975963610.4330,8902806889.0019
