999.4049,995.2376,1021.5370,1034.4275,1073.6897,1010.2803,1015.4549,1029.4829,1070.0160
995.2376,1953.6727,8924.4293,2227.6118,2142.2975,1408.1893,1541.6476,1652.5608,2375.6147
1021.5370,8924.4293,60534164.4735,329382.4643,341012.1202,11165.2744,59114.6086,36068.0663,1062550.8171
1034.4275,2227.6118,329382.4643,162823747.7603,3149505.5178,74107.8408,1268674.1794,340420.3510,376562355.2073
1073.6897,2142.2975,341012.1202,3149505.5178,1001673.9749,10064.1419,194208.0403,26494.3765,8344423.8491
1010.2803,1408.1893,11165.2744,74107.8408,10064.1419,8210.3348,8451.6852,13160.6728,89287.2004
1015.4549,1541.6476,59114.6086,1268674.1794,194208.0403,8451.6852,91932.3148,20525.5133,2621227.0461
1029.4829,1652.5608,36068.0663,340420.3510,26494.3765,13160.6728,20525.5133,51310.2450,597770.9037
1070.0160,2375.6147,1062550.8171,376562355.2073,8344423.8491,89287.2004,2621227.0461,597770.9037,1409196639.9835
