978.0000,978.0000,978.0000,978.0001,978.0034,978.0015,977.9862,978.0486,977.9845,978.0073,977.9938,977.9852,978.0270,978.0050,977.9854,978.0113,977.9690,978.0230,977.9852,977.9500,978.0524,977.9411,978.1088,977.9039,978.0587,977.9373,978.0203,978.0365,977.9937,977.9681,978.0466,977.9478,978.0424,977.9698,978.0484,977.9739,977.9825,978.0253,977.9666,978.0083,977.9773,978.0067,978.0414,977.9811,978.0222,977.9892,977.9849,978.0187,977.9764,977.9924,978.0195,977.9770,978.0171,978.0032,977.9916,978.0038,977.9873,978.0033,978.0081,978.0011,978.0063,977.9903,978.0005,977.9933,978.0049,978.0044,978.0016,977.9934,978.0041,978.0044,977.9964,977.9979,978.0021,977.9991,978.0080,977.9859,978.0094,977.9984,977.9949,978.0008,978.0007
978.0000,978.0000,978.0000,978.0000,978.0009,978.0004,977.9965,978.0123,977.9961,978.0019,977.9984,977.9963,978.0069,978.0013,977.9963,978.0029,977.9922,978.0058,977.9963,977.9873,978.0133,977.9851,978.0275,977.9757,978.0148,977.9841,978.0051,978.0092,977.9984,977.9919,978.0118,977.9868,978.0107,977.9924,978.0123,977.9934,977.9956,978.0064,977.9916,978.0021,977.9943,978.0017,978.0105,977.9952,978.0056,977.9973,977.9962,978.0047,977.9940,977.9981,978.0049,977.9942,978.0043,978.0008,977.9979,978.0010,977.9968,978.0008,978.0021,978.0003,978.0016,977.9976,978.0001,977.9983,978.0012,978.0011,978.0004,977.9983,978.0011,978.0011,977.9991,977.9995,978.0005,977.9998,978.0020,977.9964,978.0024,977.9996,977.9987,978.0002,978.0002
978.0000,978.0000,978.0000,977.9996,977.9897,977.9955,978.0422,977.8519,978.0473,977.9777,978.0190,978.0450,977.9176,977.9848,978.0445,977.9654,978.0947,977.9299,978.0450,978.1525,977.8404,978.1797,977.6685,978.2931,977.8212,978.1912,977.9382,977.8887,978.0193,978.0974,977.8580,978.1593,977.8706,978.0921,977.8524,978.0794,978.0534,977.9230,978.1017,977.9746,978.0692,977.9795,977.8738,978.0578,977.9322,978.0328,978.0459,977.9429,978.0720,978.0230,977.9405,978.0703,977.9479,977.9903,978.0256,977.9885,978.0389,977.9900,977.9752,977.9966,977.9808,978.0294,977.9983,978.0205,977.9851,977.9867,977.9952,978.0200,977.9873,977.9867,978.0111,978.0064,977.9935,978.0027,977.9756,978.0429,977.9715,978.0048,978.0154,977.9976,977.9980
978.0001,978.0000,977.9996,978.0101,978.2626,978.1189,976.9264,981.8500,976.8895,978.6816,977.5731,976.8730,980.1583,978.5090,976.9386,978.9328,975.6293,979.8547,976.8784,974.1138,982.1018,973.4323,986.5302,970.5767,982.5855,973.1290,979.6221,980.8584,977.5483,975.5185,981.6899,973.9771,981.3480,975.6561,981.8020,976.0062,976.6415,979.9765,975.4128,978.6595,976.2508,978.5597,981.2378,976.5498,979.7436,977.2071,976.8390,979.4818,976.1671,977.4153,979.5342,976.2097,979.3507,978.2616,977.3468,978.2966,977.0072,978.2620,978.6335,978.0873,978.4940,977.2489,978.0433,977.4766,978.3833,978.3395,978.1251,977.4879,978.3240,978.3420,977.7185,977.8373,978.1664,977.9314,978.6247,976.9055,978.7305,977.8787,977.6059,978.0621,978.0519
978.0034,978.0009,977.9897,978.2626,986.6561,1005.9273,966.7271,1276.3492,1106.9886,1175.1991,1054.3948,992.1605,1119.7877,1180.3098,1063.9470,1076.3009,1002.0434,1122.8034,995.5241,894.2142,1117.4687,894.1012,1251.4067,860.7309,1116.7510,881.1762,1087.2976,1077.0312,1029.1604,926.3903,1164.7326,945.8937,1124.8488,933.4078,1117.0363,980.3673,954.4822,1038.4988,929.2116,1011.4769,967.7309,1058.9662,1075.9407,979.3909,1043.5464,1026.4132,970.2918,1049.4177,943.5225,972.5293,1035.6348,940.1448,1041.9339,1005.2574,965.3639,990.7400,953.7648,994.3702,995.2253,981.8326,995.1681,961.3689,980.5485,966.7993,990.4186,987.5967,983.0497,964.9358,987.5252,988.4459,973.9275,975.0787,983.2438,977.0615,996.7083,953.3815,998.4840,977.8809,968.2426,979.6394,979.3780
978.0015,978.0004,977.9955,978.1189,1005.9273,1435.1090,1275.3421,3707.2852,1213.6831,1235.8554,1073.5188,1115.8640,1326.8812,1132.0265,1069.0763,1082.0394,1257.3537,1101.3892,1032.2823,997.1239,1205.5159,1035.0180,1121.5348,1012.6090,1208.1398,1183.1559,1061.4776,1254.3490,1061.3419,1033.2236,1213.6295,1091.5494,1068.2777,1038.4449,1111.5882,1005.6885,979.9350,1024.5819,996.1500,1021.7885,1056.7191,1233.9816,1090.5598,1000.0095,1098.2515,1026.3939,1069.7622,1031.7734,1004.6066,1030.8562,1016.2963,975.8650,1028.8038,1000.3051,981.3505,986.0133,970.2104,997.2063,993.7945,980.9505,988.9090,974.8338,981.2661,979.5813,990.2726,989.5397,981.8021,972.9355,989.8463,984.2129,979.3325,989.6353,984.4571,978.2894,988.0604,981.9835,1004.7736,983.8633,976.8565,978.7925,978.7351
977.9862,977.9965,978.0422,976.9264,966.7271,1275.3421,5411.3481,2617.0698,3126.5970,2507.3916,1769.4193,1433.2638,1443.7370,2665.3597,2125.9517,1433.5774,2106.2903,1359.9029,1444.3468,1629.6136,737.2975,1903.5424,464.9964,3380.7197,676.4453,1869.7213,1227.3570,827.1402,1501.7513,1399.2897,1156.6494,2234.2122,952.9655,1411.1694,820.8491,1700.3332,1214.3820,832.3920,1504.1110,1017.9304,1431.1523,1414.4938,741.0965,1473.3690,946.1202,1644.8957,1278.8440,1016.4154,1325.8309,1121.3715,925.6354,1249.7737,1018.1749,1080.6621,1078.6639,978.9138,1097.2528,1013.1578,919.3213,979.0389,953.3588,1081.0337,982.3771,1050.0004,953.2231,948.1894,976.6783,1034.5771,952.4683,952.9265,1030.4242,1006.2972,967.2370,990.6291,928.1306,1129.1037,916.5385,1014.6000,1023.9265,971.6429,972.7286
978.0486,978.0123,977.8519,981.8500,1276.3492,3707.2852,2617.0698,51360792816.1041,231152387.9970,1402204750.5840,30112971.4379,143974.8911,5186068.0081,5637061430.8311,135350310.6931,8012175.8297,1800475.3879,107913265.6016,800985.5671,1722.8138,119582.4648,14677.1158,1222136.1600,136567.6432,14003.7931,3123.0250,5496455.5870,79084.4807,5234487.2261,3047.7148,58125780.5941,625802.9880,6038022.9193,5597.9244,457074.7278,829925.2466,9259.3531,15109.6180,7861.4252,25536.9074,95823.7360,663931.2208,18871.7008,234606.1234,36667.1474,4340628.4358,12969.7515,456697.8643,7389.6926,4051.4165,54109.2375,2948.4194,185835.3552,82442.6747,2317.4034,4934.0447,966.6873,9640.7666,1358.0759,1834.8954,4247.2732,1656.2583,1618.8303,1510.1726,2301.2609,1281.3250,1988.2088,820.9315,1404.9854,2018.6612,2376.9914,1121.7912,1439.2959,1308.8696,2776.3910,1384.7179,1479.1307,2317.3536,921.0506,1014.4625,1010.3722
977.9845,977.9961,978.0473,976.8895,1106.9886,1213.6831,3126.5970,231152387.9970,17742755766526.8164,16835422176752.9238,16244511307.2703,31785633.7410,2127072089.6745,60331279937322.1875,256200909719.2696,2722014094.6935,5044403236.0469,14149923067.7297,92612506.8227,118595.4404,253202.1380,5507202.2376,572802.0435,3460621297.5423,888.3929,100599.6640,776224516.0958,20981.3145,723535635.2595,31376.5935,2780763590.5667,2229606600.1147,143219680.0305,163484.1481,5463240.5724,428108770.9881,138590.4813,26265.7826,552928.6848,338648.1439,8338043.4546,262007330.1988,13738.6006,45723130.2849,189550.1641,2600429924.8491,814988.5721,7301953.8663,127651.2362,25156.5976,435638.1985,47104.2133,4238494.9464,1083870.9961,11395.2989,17273.8909,2511.7133,73879.2802,1035.1178,3160.6171,12026.8052,6147.9743,2848.5180,4377.7060,4273.5615,1243.0497,3639.5940,1081.9554,1639.2870,2969.0824,8058.3577,1476.2539,1710.2589,2002.8742,4862.4262,6505.7107,1044.8218,6518.9753,1207.0257,999.7551,999.6226
978.0073,978.0019,977.9777,978.6816,1175.1991,1235.8554,2507.3916,1402204750.5840,16835422176752.9453,181446740490473.5938,49035458309.0404,44219174.1155,9837026482.0195,318609179454072.0000,795241365109.6614,10529153841.4517,6510679104.9211,77403587434.4063,147863175.1954,91139.6433,1148445.2692,4356695.4608,4379711.7776,2363217393.6769,2005.5604,48171.8038,2274423588.0735,60870.2690,1620798631.8692,33780.2361,19715409772.1286,2510256349.7026,507836190.5620,177122.6610,22684803.5110,675281916.9706,166207.3467,55137.1826,601322.5695,659169.8233,10469566.6868,943373206.5614,31971.5922,73307557.7169,392786.4789,5912639521.8250,1137888.5147,22731994.5578,142889.4366,28952.8054,995649.0985,50433.0671,11060849.7725,2192489.2682,13171.2484,24146.1982,2356.8527,114328.3077,1175.2653,3684.1806,17134.8203,6529.3150,3293.9879,4723.4686,5584.7686,1365.2042,4387.4781,992.8295,1873.2456,3616.1921,9530.4439,1489.8729,1899.6069,2164.7583,6588.4537,6520.5357,1224.9462,7839.6341,1153.1480,1015.5108,1013.1668
977.9938,977.9984,978.0190,977.5731,1054.3948,1073.5188,1769.4193,30112971.4379,16244511307.2703,49035458309.0405,320298421.8584,1326367.8771,51645871.8366,147077469037.3875,2318332981.0009,70340841.9290,48769143.7756,330970257.3642,4468381.2343,22514.2042,66933.4224,354214.0663,137212.5436,43696334.0468,1025.2095,16701.2114,22676916.5114,14206.1496,27449605.5519,12183.8736,106321288.5831,32831504.3849,7106112.6754,36612.7664,611300.6777,13383783.4751,31817.9409,11555.8526,85496.9171,64645.2725,624990.3022,8567807.0021,6092.4432,2447784.8683,36042.2150,57806760.0455,99506.6023,883174.7990,33152.4336,8195.7848,87538.3835,13702.2966,486126.3316,182784.9237,5063.3753,7265.2706,1746.7872,20598.6773,1022.4893,2139.8633,5616.6189,3264.4647,1968.6308,2544.6025,2660.8647,1133.3669,2385.5283,1027.2286,1349.9821,2082.3992,4037.6389,1231.4148,1421.0019,1539.9141,2928.0135,3226.3032,1041.4568,3535.2834,1106.3816,992.8387,992.4809
977.9852,977.9963,978.0450,976.8730,992.1605,1115.8640,1433.2638,143974.8911,31785633.7410,44219174.1154,1326367.8771,91965.5556,504319.9257,68657302.1240,5369445.5788,585650.0649,1145813.4661,1144242.1518,133010.0377,8245.3605,7031.0442,50472.1020,6995.5130,1222462.9233,664.4175,8387.7771,317976.9557,2310.7477,310705.7153,3942.5370,453039.1710,835952.2273,120301.3062,7817.0258,27445.3703,296369.6883,7101.8298,2690.9386,13780.5426,9290.2528,49725.1937,235888.0083,2030.2484,101574.8576,7139.4658,635443.0791,16317.6696,34958.2891,6594.3699,3350.1973,9641.4162,4545.5636,27733.1823,15788.8021,2323.5919,2556.1384,1381.1226,4791.9369,941.2461,1369.3633,2183.4725,1836.7205,1327.0524,1609.2560,1488.9617,1012.2602,1430.3112,1047.8974,1095.0544,1314.4834,1967.2888,1106.4802,1121.0384,1197.2044,1531.3285,1938.1126,937.2107,1787.7481,1066.6863,978.0025,978.8516
978.0270,978.0069,977.9176,980.1583,1119.7877,1326.8812,1443.7370,5186068.0081,2127072089.6745,9837026482.0196,51645871.8366,504319.9257,45942515.5711,16184071438.9373,249366682.8112,27404395.3288,10005343.0519,92326582.7278,921137.9743,6174.8317,161906.3572,56896.6239,730517.9022,2203865.1281,3553.7514,2983.6863,9706073.5877,19512.7418,5208347.5074,4920.3384,75689341.1136,3667250.3159,4857281.7529,15468.5977,951427.5524,2336912.1082,13066.5644,13895.9161,29367.2056,50955.1516,150410.7392,5423721.6187,10699.2602,642572.8036,40879.9291,12041320.4307,55525.0648,526129.4148,13810.6140,5314.1558,75928.6474,6484.6155,344544.4166,89724.6613,3511.4353,5801.8865,1241.0197,15472.8652,1195.1854,1879.1107,4964.2986,2278.6051,1782.1226,1955.8836,2564.8975,1207.9519,2110.2466,894.2123,1408.4731,1952.9668,3062.9512,1151.5101,1362.8809,1393.9249,2888.6744,2150.1520,1253.2477,2871.0065,978.2361,1005.3738,1002.4122
978.0050,978.0013,977.9848,978.5090,1180.3098,1132.0265,2665.3597,5637061430.8311,60331279937322.2500,318609179454073.8750,147077469037.3880,68657302.1240,16184071438.9372,1429445397229448.5000,2720221037716.4834,21631738896.4815,12775086830.0574,209322388143.5218,332388182.0588,104357.8143,1118805.0622,6250108.7598,5667716.1509,5148770509.4731,1879.3853,63659.0962,5196894861.2015,81343.8364,4452750869.6595,40347.0008,45544860280.3355,5280410168.0001,1092774990.5027,226522.3202,30680950.2510,1518041777.2128,222508.3540,66309.3697,833844.6891,810576.5238,18276886.3147,1114511133.6581,32586.1597,136419634.3898,433894.5496,14308370883.7653,1344870.9407,37012231.2709,202604.5033,33004.4576,1340310.0138,59635.6712,16356714.2368,3326242.6920,14802.6052,28604.9918,2522.9830,139957.4978,1169.6960,4047.1185,19680.8873,7320.1239,3516.6725,5071.7784,5975.3969,1377.4343,4832.1061,1006.4566,1904.5968,3972.4114,10819.7862,1514.9951,2018.8058,2282.7346,7213.7785,7035.3288,1219.3054,8854.2292,1182.7507,1017.3128,1015.1473
977.9854,977.9963,978.0445,976.9386,1063.9470,1069.0763,2125.9517,135350310.6931,256200909719.2688,795241365109.6573,2318332981.0009,5369445.5788,249366682.8112,2720221037716.4873,25690310766.6207,399914455.3183,379969432.3544,2238034045.6451,20278622.6289,53488.3829,108077.8575,1421109.7549,198299.2042,408602283.9955,798.6826,42356.4250,113361699.3937,18697.4862,149211341.6411,22082.8190,505550926.0674,255656392.3165,26491969.9942,79079.6537,1458959.9068,74647677.9134,68464.6121,16580.1967,220035.3042,136205.9240,2224839.2536,38265991.6133,7851.9145,10258550.7141,68832.9993,370201877.3641,253485.1076,2542312.9309,68292.6175,13633.5091,180496.5334,25833.0864,1309677.9024,455772.5717,7527.7977,10923.5286,2138.8222,36924.2143,1003.3584,2589.2962,7963.4655,4493.7132,2341.6093,3309.1746,3294.5478,1163.6380,2933.7587,1069.9596,1450.5138,2465.7022,5641.0933,1328.1663,1557.2350,1746.3282,3661.6080,4547.5872,1018.1112,4741.0826,1169.0973,994.1628,994.2410
978.0113,978.0029,977.9654,978.9328,1076.3009,1082.0394,1433.5774,8012175.8297,2722014094.6935,10529153841.4517,70340841.9290,585650.0649,27404395.3288,21631738896.4814,399914455.3183,25965819.3321,13507610.1574,100631110.3970,1399167.9783,9895.3651,81589.5101,107333.9443,251293.9580,5793849.5320,1843.0790,5947.7078,9560074.0680,13458.2258,7490867.2716,6412.2436,50512842.9939,6899885.8122,4009525.4082,18538.4761,551733.2214,3617079.8264,17203.4137,10982.1713,38307.4035,46307.8814,230358.0339,4464420.3359,7485.0201,868509.4743,32264.3156,16043140.2098,57963.9997,494097.8576,16943.1308,5902.6920,65088.4963,8075.1157,302121.1157,100104.7837,3806.5861,5813.8706,1408.3397,15163.6942,1102.6897,1910.7358,4780.3700,2517.3791,1788.5128,2095.8350,2449.2151,1158.0377,2118.9188,952.9196,1347.2996,1924.9971,3222.9334,1167.7391,1356.4034,1421.2511,2726.8862,2427.4014,1133.5211,2926.1443,1028.1846,998.1982,996.5366
977.9690,977.9922,978.0947,975.6293,1002.0434,1257.3537,2106.2903,1800475.3879,5044403236.0469,6510679104.9212,48769143.7756,1145813.4661,10005343.0519,12775086830.0575,379969432.3544,13507610.1574,48955949.3724,33408565.9613,1951083.3981,39960.4870,17229.3526,620700.8201,12770.9554,77082806.1287,420.3285,47045.3615,5428923.7860,3383.1050,6068423.8821,11266.5429,7337230.1410,33704609.4122,1189835.9144,32430.5994,132995.7003,6471001.8200,26890.0815,4789.2343,79161.6682,34640.2580,483791.5625,3786969.1052,3006.9858,1335640.3099,22973.5912,17555014.8836,90745.1511,221723.9652,24116.5826,8195.9231,34064.4958,14011.4569,162611.6817,77493.6298,4562.1515,5019.5061,1918.7946,13251.9513,898.4487,1813.4458,3854.0165,3117.5299,1720.6215,2473.1490,2064.0970,1041.5109,1946.8320,1129.1429,1208.3308,1668.1923,3407.9923,1250.6168,1261.6821,1438.0689,2145.2713,3499.2849,887.2562,2876.0382,1165.6560,977.0462,978.8861
978.0230,978.0058,977.9299,979.8547,1122.8034,1101.3892,1359.9029,107913265.6016,14149923067.7296,77403587434.4061,330970257.3642,1144242.1518,92326582.7278,209322388143.5214,2238034045.6451,100631110.3970,33408565.9613,624531254.8344,3970646.6371,9753.9515,180182.4467,139334.2977,1011782.7997,9054541.8211,2946.4795,5934.2673,37553606.6225,28695.0630,28400952.5734,7206.0864,280102535.7760,15156094.1061,17556646.4342,22028.3055,1573181.6661,9625203.5173,25108.3105,18891.4703,50005.8485,81101.0327,459055.6487,11286621.7527,13602.9323,1965202.7979,59213.5861,55693599.5676,81392.1211,1386810.1409,22397.4577,7452.6986,133524.5250,9537.5403,726333.6376,214914.3720,4498.2809,8105.5766,1408.0763,23032.9099,1185.0574,2225.5301,6512.3692,2813.0421,2021.2686,2306.1459,2970.6065,1230.9986,2504.3667,913.8648,1466.2905,2293.8326,3892.8080,1193.3410,1491.9764,1533.7639,3465.6955,2573.6752,1233.2621,3515.6145,1013.2249,1007.6027,1004.8697
977.9852,977.9963,978.0450,976.8784,995.5241,1032.2823,1444.3468,800985.5671,92612506.8227,147863175.1954,4468381.2343,133010.0377,921137.9743,332388182.0588,20278622.6289,1399167.9783,1951083.3981,3970646.6371,292211.9602,9614.2153,8607.2735,70705.0075,10495.4169,2332711.4731,657.1793,9869.2771,701807.7019,3377.9449,880949.8180,4976.2228,1310465.8930,1581960.8701,271027.8601,9996.0833,42109.7371,644110.4621,9691.7062,3439.1814,18926.3205,12490.6658,82659.2837,359920.3554,2321.2269,187684.1379,8665.6756,1561251.1800,19824.4699,66621.2364,9120.6546,3827.4619,14103.2042,5501.9435,45669.2737,26429.4089,2642.3976,3083.3655,1448.6847,6072.8692,945.4839,1485.1316,2559.9589,2034.7734,1414.9785,1734.5440,1626.5409,1024.7636,1565.0042,1050.3582,1122.8679,1426.6721,2229.6096,1121.1799,1169.6988,1249.7596,1699.7132,2098.1948,942.3773,2006.4525,1077.8061,979.7584,980.5386
977.9500,977.9873,978.1525,974.1138,894.2142,997.1239,1629.6136,1722.8138,118595.4404,91139.6433,22514.2042,8245.3605,6174.8317,104357.8143,53488.3829,9895.3651,39960.4870,9753.9515,9614.2153,7875.3849,475.2397,20937.7698,100.0050,235936.3583,170.2997,11006.3893,5661.0622,472.1406,11383.7718,3716.1130,3447.3712,62054.5015,1994.3254,4502.1160,916.3392,18923.2368,3043.3022,665.0555,6079.7357,1689.2423,7895.4272,7837.2172,383.9257,9678.4770,1029.0994,17938.1431,3995.9445,2262.8133,3516.5797,1762.7782,1266.6319,3005.3463,2120.4342,2415.8948,1593.3100,1173.4028,1537.4189,1487.9708,769.9699,1038.9893,1038.5642,1531.3897,1046.2365,1356.2831,958.6968,872.7127,1038.6021,1199.1496,896.3390,937.2134,1322.5127,1071.9234,955.0658,1057.9459,885.7639,1759.9450,743.4789,1213.2358,1154.4906,956.1983,959.9634
978.0524,978.0133,977.8404,982.1018,1117.4687,1205.5159,737.2975,119582.4648,253202.1380,1148445.2692,66933.4224,7031.0442,161906.3572,1118805.0622,108077.8575,81589.5101,17229.3526,180182.4467,8607.2735,475.2397,25704.2863,923.9790,178488.3656,1818.3579,7234.9371,261.5659,58962.2047,7040.0684,23048.7602,705.3452,313300.1152,6659.5578,73257.0900,1121.2209,45817.7593,10064.9791,1421.1098,4398.1253,1316.0192,4769.9556,3380.9114,38148.9033,6140.7416,6908.0520,6078.4567,30609.2658,2808.3861,16816.8114,1243.5402,1342.1393,7414.3381,948.5035,13297.4220,5265.1263,1116.5677,1823.1378,726.2478,2585.9207,1291.7633,1191.6737,1849.7638,939.0103,1155.3311,973.0006,1446.0592,1163.4826,1247.3073,795.8711,1200.6134,1317.5607,1211.1186,961.0293,1126.1571,1039.9196,1627.7927,819.9470,1355.0953,1253.3595,848.5434,1006.6143,1002.2418
977.9411,977.9851,978.1797,973.4323,894.1012,1035.0180,1903.5424,14677.1158,5507202.2376,4356695.4608,354214.0663,50472.1020,56896.6239,6250108.7598,1421109.7549,107333.9443,620700.8201,139334.2977,70705.0075,20937.7698,923.9790,116038.5683,179.3931,4316567.7863,129.3973,31274.3120,50362.8441,632.0647,110220.7577,6948.1318,31003.0359,909113.7803,12234.5351,10949.4794,3054.0767,183649.0409,7322.0307,975.6839,18879.1493,4189.1811,40680.2797,60782.0409,499.1061,62797.9345,2301.8094,218406.4835,12656.2511,9147.7574,8021.8304,3026.1311,3130.7638,5972.5720,7805.4529,7620.6285,2336.1513,1764.3253,1819.2432,2883.6481,747.4060,1201.7472,1451.6099,2037.6184,1192.4317,1698.4628,1138.6447,879.7238,1221.3803,1248.0645,934.4954,1059.5699,1796.3501,1133.2402,1010.5934,1156.6575,1062.1046,2410.9693,718.4281,1573.5110,1207.8861,955.0298,959.3495
978.1088,978.0275,977.6685,986.5302,1251.4067,1121.5348,464.9964,1222136.1600,572802.0435,4379711.7776,137212.5436,6995.5130,730517.9022,5667716.1509,198299.2042,251293.9580,12770.9554,1011782.7997,10495.4169,100.0050,178488.3656,179.3931,11037183.1801,133.3989,52568.4059,35.7346,263924.6378,27684.7488,42552.0339,255.5273,3290991.9840,2323.1845,671561.5779,470.9117,362901.3913,8561.1730,1003.8515,12352.0719,541.9829,8290.3344,2594.3324,75655.6186,29402.2744,6426.2265,16929.4888,48545.3570,2141.6493,51164.8945,681.9565,1180.0938,19836.6552,501.5514,36442.2480,8614.8958,922.3181,2387.2494,482.0079,3553.8705,1712.3551,1303.9719,2586.3443,723.5364,1228.3654,815.5645,1817.2048,1362.6498,1394.7171,634.9792,1409.8275,1612.0243,1170.1729,902.1807,1240.2498,1037.0337,2306.8798,538.6586,1870.6122,1285.0588,716.0756,1035.7650,1026.5571
977.9039,977.9757,978.2931,970.5767,860.7309,1012.6090,3380.7197,136567.6432,3460621297.5423,2363217393.6769,43696334.0468,1222462.9233,2203865.1281,5148770509.4731,408602283.9955,5793849.5320,77082806.1287,9054541.8211,2332711.4731,235936.3583,1818.3579,4316567.7863,133.3989,2126901654.4663,37.6497,389912.2855,1477831.9527,805.3326,5544314.5556,39317.4362,893632.1284,147187410.8215,143136.3991,96905.9964,14582.6445,11871839.1104,44818.8757,1629.0544,252565.7325,20174.0647,809202.7451,1794560.0996,469.2086,1974507.2536,6828.8426,17032611.9486,123566.7661,85996.8925,57281.2202,9178.8484,12990.7315,30792.0239,64048.2644,56195.2073,5850.0350,3904.7451,3101.9992,9941.9201,643.5105,1663.9469,2749.4464,4311.4885,1621.9239,3044.1646,1616.9403,860.8405,1756.4121,1465.0498,997.9184,1349.4393,3662.1542,1323.4949,1137.1435,1450.3030,1470.3435,5659.1826,605.3926,2893.1536,1418.4720,945.5693,952.2895
978.0587,978.0148,977.8212,982.5855,1116.7510,1208.1398,676.4453,14003.7931,888.3929,2005.5604,1025.2095,664.4175,3553.7514,1879.3853,798.6826,1843.0790,420.3285,2946.4795,657.1793,170.2997,7234.9371,129.3973,52568.4059,37.6497,8828.8927,116.4992,2413.1549,4151.4832,942.8107,331.0470,7041.7023,182.6031,5220.4496,355.2989,6258.3727,445.4107,538.3503,2496.5825,314.1667,1390.4262,478.0776,1540.2574,4517.7423,553.0275,2348.6573,805.4530,622.4636,2117.7327,441.3947,777.9191,2075.9482,438.4510,1966.8770,1165.6174,733.2992,1136.1204,621.1734,1134.0976,1315.4060,1022.5245,1242.4374,697.4405,1001.9259,774.0818,1176.5547,1148.4412,1041.4289,772.7285,1141.3151,1150.0179,866.8579,914.3194,1059.9138,949.7273,1312.5821,598.0817,1382.4461,934.2436,817.2026,1006.4962,1001.7990
977.9373,977.9841,978.1912,973.1290,881.1762,1183.1559,1869.7213,3123.0250,100599.6640,48171.8038,16701.2114,8387.7771,2983.6863,63659.0962,42356.4250,5947.7078,47045.3615,5934.2673,9869.2771,11006.3893,261.5659,31274.3120,35.7346,389912.2855,116.4992,21004.3054,3888.8794,363.5699,9877.6416,4473.0524,1447.9405,79810.1333,1215.6350,5039.3384,486.2432,18901.8430,3302.0936,508.6466,6770.3699,1386.1621,9106.2323,5472.1282,282.7375,9321.7021,856.4512,14735.0313,3932.8435,1575.8177,3804.6278,1851.5972,944.9135,3355.3727,1507.9804,2088.0366,1637.5007,1089.7027,1680.9829,1335.4565,725.0963,1016.9507,948.8808,1609.4349,1027.5862,1404.8574,902.7168,844.9687,1007.7465,1262.0083,865.3748,894.7232,1318.9234,1093.2544,936.2316,1057.0520,813.2248,1924.2561,696.2111,1193.2914,1200.7433,950.0439,954.8140
978.0203,978.0051,977.9382,979.6221,1087.2976,1061.4776,1227.3570,5496455.5870,776224516.0958,2274423588.0735,22676916.5114,317976.9557,9706073.5877,5196894861.2015,113361699.3937,9560074.0680,5428923.7860,37553606.6225,701807.7019,5661.0622,58962.2047,50362.8441,263924.6378,1477831.9527,2413.1549,3888.8794,5115332.0524,10861.0917,3191251.2393,3720.4039,19739944.5734,2514513.8359,2490193.0099,9773.6451,356155.2129,1501026.5995,11560.6997,9178.6095,19408.2760,30696.2191,134415.7073,1811841.3554,8039.0839,411313.1152,26526.7461,6230197.4618,33030.1955,277519.1849,9766.6140,4828.0524,45174.2010,5308.6506,176811.9223,62089.2478,2986.5761,4767.1555,1221.8696,11154.4058,1142.7766,1757.5571,4038.6848,2063.4632,1638.2378,1800.0903,2193.7404,1162.8047,1911.1160,916.3544,1315.1224,1803.6348,2676.5147,1122.8274,1311.2339,1337.5743,2489.6173,1944.3462,1173.2232,2464.0080,985.7603,1000.1455,997.9486
978.0365,978.0092,977.8887,980.8584,1077.0312,1254.3490,827.1402,79084.4807,20981.3145,60870.2690,14206.1496,2310.7477,19512.7418,81343.8364,18697.4862,13458.2258,3383.1050,28695.0630,3377.9449,472.1406,7040.0684,632.0647,27684.7488,805.3326,4151.4832,363.5699,10861.0917,4069.5685,7271.7834,703.3281,41917.9772,1992.9712,14250.1067,896.8484,9671.2918,3322.6149,1064.2534,2474.3612,928.3808,2251.1582,1671.7492,6339.6414,3169.4522,2596.3117,2706.1793,7039.9034,1437.8401,5460.4738,1001.6304,1066.3841,3131.4228,814.6619,4327.3221,2546.0577,976.5338,1356.7074,774.4348,1599.4504,1186.2541,1083.8616,1385.8582,893.5884,1060.9089,925.9192,1217.8270,1097.8376,1111.6977,846.4172,1110.8449,1165.0440,1053.1060,958.9729,1065.3898,999.4415,1316.6644,809.0923,1229.5710,1089.7184,883.1476,997.1333,994.1781
977.9937,977.9984,978.0193,977.5483,1029.1604,1061.3419,1501.7513,5234487.2261,723535635.2595,1620798631.8691,27449605.5519,310705.7153,5208347.5074,4452750869.6595,149211341.6411,7490867.2716,6068423.8821,28400952.5734,880949.8180,11383.7718,23048.7602,110220.7577,42552.0339,5544314.5556,942.8107,9877.6416,3191251.2393,7271.7834,3928870.0728,6602.9801,10284844.7850,4558608.0489,1224371.8239,15770.3026,145698.3660,2122593.2073,14970.7452,6189.5704,31476.8090,24863.3482,176458.6103,1248922.2069,3832.9774,510734.5055,15692.7237,6946590.6458,35410.3182,211292.7401,14881.1997,5021.0673,31875.4360,7374.2112,127805.5577,60054.5010,3332.5620,4419.5117,1496.7927,10055.3668,999.4568,1725.3373,3587.6196,2382.4727,1613.3419,1970.0950,2006.7040,1079.2015,1863.6751,1019.9985,1219.4723,1684.4916,2796.8783,1152.6229,1272.9284,1351.5522,2164.1231,2366.0505,1009.4693,2509.2085,1071.8733,987.2304,987.1793
977.9681,977.9919,978.0974,975.5185,926.3903,1033.2236,1399.2897,3047.7148,31376.5935,33780.2361,12183.8736,3942.5370,4920.3384,40347.0008,22082.8190,6412.2436,11266.5429,7206.0864,4976.2228,3716.1130,705.3452,6948.1318,255.5273,39317.4362,331.0470,4473.0524,3720.4039,703.3281,6602.9801,2490.6983,3898.9221,15449.5804,1926.6125,2847.0985,1108.9239,7955.5640,2070.0840,802.4543,3444.7200,1477.4732,3787.0867,4462.8232,534.0615,4895.5778,1004.7841,8474.4031,2528.6098,2044.4341,2415.6236,1418.0748,1253.4771,2053.9300,1852.6204,1939.5695,1353.3136,1117.9531,1310.4549,1320.8274,840.6630,1021.1817,1032.0058,1314.1462,1025.8222,1210.8216,974.6259,910.4069,1023.8410,1114.1736,927.1295,956.7206,1198.5149,1038.9995,966.3597,1030.5778,925.1546,1432.4961,823.8396,1136.8139,1088.5733,964.1271,966.5445
978.0466,978.0118,977.8580,981.6899,1164.7326,1213.6295,1156.6494,58125780.5941,2780763590.5667,19715409772.1286,106321288.5831,453039.1710,75689341.1136,45544860280.3354,505550926.0674,50512842.9939,7337230.1410,280102535.7760,1310465.8930,3447.3712,313300.1152,31003.0359,3290991.9840,893632.1284,7041.7023,1447.9405,19739944.5734,41917.9772,10284844.7850,3898.9221,256076237.0820,2592392.6041,13505136.1290,12048.8008,2009010.6926,2740911.3661,12910.4471,22135.1647,22359.8525,63447.0519,156471.9614,6127565.6665,18117.9584,720297.6962,51498.5012,18248631.7483,46368.7448,1000385.8719,12815.5511,5036.9741,118472.6716,5348.1781,548898.5023,131392.8483,3380.4378,6816.4385,1099.5433,18051.3733,1318.6504,2029.1226,5894.6790,2154.4821,1870.8235,1871.6684,2865.0180,1279.2864,2301.7970,828.3229,1494.7600,2200.6931,3160.8136,1124.2785,1454.2422,1422.1033,3399.0840,1857.1977,1405.0490,3027.6420,929.5139,1016.5277,1011.9073
977.9478,977.9868,978.1593,973.9771,945.8937,1091.5494,2234.2122,625802.9880,2229606600.1147,2510256349.7026,32831504.3849,835952.2273,3667250.3159,5280410168.0001,255656392.3165,6899885.8122,33704609.4122,15156094.1061,1581960.8701,62054.5015,6659.5578,909113.7803,2323.1845,147187410.8215,182.6031,79810.1333,2514513.8359,1992.9712,4558608.0489,15449.5804,2592392.6041,36826767.0096,440165.2359,39300.4899,48344.9080,5774039.2719,28011.3188,3068.2715,93386.6505,23966.9977,464692.3119,1945702.8354,1466.7175,1142025.0781,12264.2950,12147109.6816,79099.8940,131693.3741,28220.4827,7725.3073,20858.5722,16079.5762,94161.6017,58834.5477,4574.1019,4251.7172,2186.1590,10544.8175,801.2337,1708.7592,3200.3157,3275.5165,1632.4823,2520.3552,1815.2871,967.9309,1815.1716,1227.7151,1110.9881,1511.7419,3273.6723,1251.3201,1201.9025,1411.5769,1803.7191,3821.7798,777.2822,2718.3352,1236.6252,965.8644,969.3647
978.0424,978.0107,977.8706,981.3480,1124.8488,1068.2777,952.9655,6038022.9193,143219680.0305,507836190.5620,7106112.6754,120301.3062,4857281.7529,1092774990.5027,26491969.9942,4009525.4082,1189835.9144,17556646.4342,271027.8601,1994.3254,73257.0900,12234.5351,671561.5779,143136.3991,5220.4496,1215.6350,2490193.0099,14250.1067,1224371.8239,1926.6125,13505136.1290,440165.2359,2039970.3227,4467.5777,352299.3522,433470.7492,6376.5239,9901.7483,7881.4024,22014.6460,51399.8840,793440.0361,11073.9475,149772.8755,23471.1333,1969091.4703,15897.6150,189831.6859,5027.6772,3314.1867,37184.6319,2907.1039,121883.9895,39574.3570,2200.0085,4012.2265,962.3315,8317.6581,1263.0254,1625.7655,3594.1795,1574.2293,1514.8046,1461.9670,2075.8210,1206.7161,1758.8081,835.6814,1330.6974,1749.2203,2160.4105,1058.1999,1291.7355,1249.6654,2427.9998,1390.5881,1316.9490,2077.3038,909.1015,1008.7438,1004.8512
977.9698,977.9924,978.0921,975.6561,933.4078,1038.4449,1411.1694,5597.9244,163484.1481,177122.6610,36612.7664,7817.0258,15468.5977,226522.3202,79079.6537,18538.4761,32430.5994,22028.3055,9996.0833,4502.1160,1121.2209,10949.4794,470.9117,96905.9964,355.2989,5039.3384,9773.6451,896.8484,15770.3026,2847.0985,12048.8008,39300.4899,4467.5777,3773.5179,2209.8471,18331.5913,2658.7101,1005.5061,4898.2200,2166.1787,6426.4975,11073.8965,646.3530,9737.2707,1427.6810,23011.4158,3850.5159,3783.4610,3140.0542,1639.2329,1901.0938,2456.7120,3326.6078,2997.6295,1507.8226,1299.7154,1335.2627,1704.7130,851.1902,1072.3594,1180.0423,1407.5862,1072.2460,1278.2454,1048.2369,923.1821,1085.0399,1107.8300,950.4905,1006.8418,1315.5554,1050.3292,989.0742,1057.2322,1005.0126,1528.5999,836.1968,1238.8664,1088.7899,965.8749,968.1118
978.0484,978.0123,977.8524,981.8020,1117.0363,1111.5882,820.8491,457074.7278,5463240.5724,22684803.5110,611300.6777,27445.3703,951427.5524,30680950.2510,1458959.9068,551733.2214,132995.7003,1573181.6661,42109.7371,916.3392,45817.7593,3054.0767,362901.3913,14582.6445,6258.3727,486.2432,356155.2129,9671.2918,145698.3660,1108.9239,2009010.6926,48344.9080,352299.3522,2209.8471,131082.0586,59573.7529,2796.6319,6508.9312,3124.8917,10091.1449,11706.7435,177033.5238,8042.2091,29794.6389,11728.7657,223741.1245,6633.0159,53656.2983,2408.2355,1997.7110,16199.8721,1597.3408,39202.3968,13457.5164,1522.9662,2609.4683,818.7978,4508.8548,1279.3432,1359.9168,2508.6521,1181.5498,1301.1096,1164.6446,1705.1745,1181.4645,1449.3478,811.4980,1257.0817,1486.4654,1570.4169,1000.2575,1190.8371,1124.3055,1947.6109,1039.8855,1339.2233,1575.6393,872.4848,1007.5684,1003.3542
977.9739,977.9934,978.0794,976.0062,980.3673,1005.6885,1700.3332,829925.2466,428108770.9881,675281916.9706,13383783.4751,296369.6883,2336912.1082,1518041777.2128,74647677.9134,3617079.8264,6471001.8200,9625203.5173,644110.4621,18923.2368,10064.9791,183649.0409,8561.1730,11871839.1104,445.4107,18901.8430,1501026.5995,3322.6149,2122593.2073,7955.5640,2740911.3661,5774039.2719,433470.7492,18331.5913,59573.7529,1773125.5196,15169.0569,3787.7883,37614.2393,18348.4802,170498.7710,864790.3534,2136.5674,434928.1443,10829.0802,4396781.2677,36802.5436,109388.2927,15373.9871,5074.9764,19430.2222,8547.2850,74320.2356,41412.0048,3367.7255,3717.7064,1683.4275,8231.2706,901.3611,1605.1921,2974.9211,2486.0318,1528.3590,2026.5949,1769.3528,1013.4408,1709.5252,1102.0549,1136.8300,1504.0758,2675.3065,1168.2596,1199.5212,1323.7573,1824.4723,2650.2827,892.4485,2345.6379,1128.8273,976.3858,977.9294
977.9825,977.9956,978.0534,976.6415,954.4822,979.9350,1214.3820,9259.3531,138590.4813,166207.3467,31817.9409,7101.8298,13066.5644,222508.3540,68464.6121,17203.4137,26890.0815,25108.3105,9691.7062,3043.3022,1421.1098,7322.0307,1003.8515,44818.8757,538.3503,3302.0936,11560.6997,1064.2534,14970.7452,2070.0840,12910.4471,28011.3188,6376.5239,2658.7101,2796.6319,15169.0569,2370.3263,1177.2576,3479.7850,2202.7222,5988.2336,10180.3332,910.2182,8368.2806,1725.9160,20557.7058,3176.5057,4119.3247,2418.7363,1569.0561,2121.5265,2011.7793,3553.5368,3066.1602,1395.4536,1332.1783,1205.5629,1711.9133,905.1839,1081.9457,1229.0923,1296.4662,1073.4128,1208.3169,1079.4653,953.7585,1094.5793,1052.5560,978.6999,1041.3749,1270.7606,1030.5701,1004.8665,1049.3887,1065.6110,1358.1020,895.1182,1210.1461,1045.7900,971.8227,973.0916
978.0253,978.0064,977.9230,979.9765,1038.4988,1024.5819,832.3920,15109.6180,26265.7826,55137.1826,11555.8526,2690.9386,13895.9161,66309.3697,16580.1967,10982.1713,4789.2343,18891.4703,3439.1814,665.0555,4398.1253,975.6839,12352.0719,1629.0544,2496.5825,508.6466,9178.6095,2474.3612,6189.5704,802.4543,22135.1647,3068.2715,9901.7483,1005.5061,6508.9312,3787.7883,1177.2576,1985.6989,1114.9641,2076.2065,1942.6957,6222.3427,2333.0938,2871.8145,2313.3835,7015.3891,1567.6721,4262.5474,1084.1188,1110.9958,2626.4270,940.8413,3644.7625,2319.2250,1023.3590,1304.6791,841.7597,1536.9834,1116.0968,1069.6721,1310.9984,946.9667,1051.8739,964.3768,1166.1692,1060.6390,1091.1316,885.1361,1073.9884,1123.1540,1070.0400,965.2730,1043.8095,1003.1136,1237.5334,883.2845,1140.2718,1087.5168,911.9982,991.5352,989.4626
977.9666,977.9916,978.1017,975.4128,929.2116,996.1500,1504.1110,7861.4252,552928.6848,601322.5695,85496.9171,13780.5426,29367.2056,833844.6891,220035.3042,38307.4035,79161.6682,50005.8485,18926.3205,6079.7357,1316.0192,18879.1493,541.9829,252565.7325,314.1667,6770.3699,19408.2760,928.3808,31476.8090,3444.7200,22359.8525,93386.6505,7881.4024,4898.2200,3124.8917,37614.2393,3479.7850,1114.9641,7027.8991,2847.4824,10735.8072,20719.1466,683.2996,17615.6349,1811.1397,50309.4853,5425.0784,5751.7625,4022.3745,1911.1200,2488.4489,3033.8891,4942.1838,4263.7826,1690.2798,1464.8205,1407.6034,2075.3168,840.4281,1117.5217,1299.2254,1534.4827,1113.0177,1366.2178,1099.4658,922.6960,1136.3837,1123.2252,959.5093,1041.1718,1440.1790,1065.7612,1003.7588,1084.8171,1056.3497,1681.0450,823.5785,1336.8420,1104.6226,965.2356,967.6695
978.0083,978.0021,977.9746,978.6595,1011.4769,1021.7885,1017.9304,25536.9074,338648.1439,659169.8233,64645.2725,9290.2528,50955.1516,810576.5238,136205.9240,46307.8814,34640.2580,81101.0327,12490.6658,1689.2423,4769.9556,4189.1811,8290.3344,20174.0647,1390.4262,1386.1621,30696.2191,2251.1582,24863.3482,1477.4732,63447.0519,23966.9977,22014.6460,2166.1787,10091.1449,18348.4802,2202.7222,2076.2065,2847.4824,3421.4274,6022.0946,23541.7106,1966.1290,10366.3016,3159.1268,35547.7923,3594.2789,8781.4601,2108.9726,1577.9036,3962.6104,1659.2347,7279.9135,4480.9304,1350.8878,1595.7177,1013.5823,2215.8772,1033.4632,1145.8569,1511.0743,1190.9038,1124.5843,1145.7053,1238.1410,1030.2990,1177.6889,949.6023,1064.6321,1160.0963,1302.5259,1009.0378,1057.8117,1058.5685,1288.3001,1166.0778,1044.1282,1272.6330,970.0699,984.9847,984.1812
977.9773,977.9943,978.0692,976.2508,967.7309,1056.7191,1431.1523,95823.7360,8338043.4546,10469566.6868,624990.3022,49725.1937,150410.7392,18276886.3147,2224839.2536,230358.0339,483791.5625,459055.6487,82659.2837,7895.4272,3380.9114,40680.2797,2594.3324,809202.7451,478.0776,9106.2323,134415.7073,1671.7492,176458.6103,3787.0867,156471.9614,464692.3119,51399.8840,6426.4975,11706.7435,170498.7710,5988.2336,1942.6957,10735.8072,6022.0946,36007.3337,95607.7181,1381.9702,61168.7402,4363.0075,302740.9913,10692.4652,19769.4386,5641.7508,2882.1413,6029.1994,4018.6361,15272.9388,10863.8180,2089.1246,2130.9232,1405.6065,3588.9070,898.1686,1285.4472,1826.0146,1739.5329,1248.6634,1528.3178,1330.6879,976.3171,1325.1403,1080.0016,1039.5922,1217.9994,1777.4015,1092.1879,1081.6301,1160.0799,1342.4461,1852.1872,887.5389,1616.4184,1085.0612,972.9188,974.4592
978.0067,978.0017,977.9795,978.5597,1058.9662,1233.9816,1414.4938,663931.2208,262007330.1988,943373206.5614,8567807.0021,235888.0083,5423721.6187,1114511133.6581,38265991.6133,4464420.3359,3786969.1052,11286621.7527,359920.3554,7837.2172,38148.9033,60782.0409,75655.6186,1794560.0996,1540.2574,5472.1282,1811841.3554,6339.6414,1248922.2069,4462.8232,6127565.6665,1945702.8354,793440.0361,11073.8965,177033.5238,864790.3534,10180.3332,6222.3427,20719.1466,23541.7106,95607.7181,1551915.4285,5119.9886,269940.0554,19160.0163,2896438.3517,32982.7469,145960.4553,9344.6696,4554.5722,28672.3848,5659.1083,105978.6626,40050.2163,2915.4403,3949.0795,1307.5310,8992.7195,1065.2484,1614.3686,3365.1212,2059.2148,1546.8715,1797.8228,1978.7106,1110.2261,1745.0852,965.7055,1248.4470,1610.6401,2486.4470,1131.4740,1236.2796,1295.9705,2134.6424,2074.0029,1087.5819,2275.1840,1018.8171,991.8799,990.8158
978.0414,978.0105,977.8738,981.2378,1075.9407,1090.5598,741.0965,18871.7008,13738.6006,31971.5922,6092.4432,2030.2484,10699.2602,32586.1597,7851.9145,7485.0201,3006.9858,13602.9323,2321.2269,383.9257,6140.7416,499.1061,29402.2744,469.2086,4517.7423,282.7375,8039.0839,3169.4522,3832.9774,534.0615,18117.9584,1466.7175,11073.9475,646.3530,8042.2091,2136.5674,910.2182,2333.0938,683.2996,1966.1290,1381.9702,5119.9886,3466.2629,1848.9282,2759.0454,4197.0795,1187.5303,3855.6200,748.2435,1003.9240,2710.7147,697.3706,3402.9838,1999.1024,903.6398,1283.7928,733.4740,1451.1067,1209.3221,1063.3526,1331.3696,836.4945,1041.0554,884.6009,1193.7698,1105.3793,1084.8243,829.1477,1112.6159,1153.1880,996.7282,943.6338,1058.1420,985.2739,1304.0144,750.4358,1251.3495,1035.5043,865.9959,999.0296,995.6845
977.9811,977.9952,978.0578,976.5498,979.3909,1000.0095,1473.3690,234606.1234,45723130.2849,73307557.7169,2447784.8683,101574.8576,642572.8036,136419634.3898,10258550.7141,868509.4743,1335640.3099,1965202.7979,187684.1379,9678.4770,6908.0520,62797.9345,6426.2265,1974507.2536,553.0275,9321.7021,411313.1152,2596.3117,510734.5055,4895.5778,720297.6962,1142025.0781,149772.8755,9737.2707,29794.6389,434928.1443,8368.2806,2871.8145,17615.6349,10366.3016,61168.7402,269940.0554,1848.9282,137043.6305,6893.6030,962132.7030,17959.1936,46010.5706,8392.7469,3477.7794,10968.1616,5243.4222,33552.2566,19866.8806,2513.3822,2748.5262,1458.2858,5264.7359,921.6013,1413.8461,2308.1096,1972.2410,1363.9628,1687.5685,1532.9487,1003.9039,1485.5388,1066.6346,1093.6351,1347.5339,2099.4504,1114.0171,1135.3972,1222.0678,1571.1546,2071.3500,915.2127,1897.2308,1085.3381,976.7800,977.8970
978.0222,978.0056,977.9322,979.7436,1043.5464,1098.2515,946.1202,36667.1474,189550.1641,392786.4789,36042.2150,7139.4658,40879.9291,433894.5496,68832.9993,32264.3156,22973.5912,59213.5861,8665.6756,1029.0994,6078.4567,2301.8094,16929.4888,6828.8426,2348.6573,856.4512,26526.7461,2706.1793,15692.7237,1004.7841,51498.5012,12264.2950,23471.1333,1427.6810,11728.7657,10829.0802,1725.9160,2313.3835,1811.1397,3159.1268,4363.0075,19160.0163,2759.0454,6893.6030,3732.3613,22011.2968,2746.0021,7711.7548,1478.3194,1428.3823,3926.2060,1250.9739,6615.5355,3813.3723,1193.3537,1543.3276,895.1286,2052.4193,1107.3669,1131.3620,1503.2910,1057.1577,1106.3361,1053.9458,1248.7270,1066.8761,1160.4532,897.4766,1094.5234,1177.7587,1207.6326,989.0525,1066.7630,1037.7660,1331.9914,1003.1292,1131.2898,1203.1760,927.0034,991.2172,989.3504
977.9892,977.9973,978.0328,977.2071,1026.4132,1026.3939,1644.8957,4340628.4358,2600429924.8491,5912639521.8250,57806760.0455,635443.0791,12041320.4307,14308370883.7652,370201877.3641,16043140.2098,17555014.8836,55693599.5676,1561251.1800,17938.1431,30609.2658,218406.4835,48545.3570,17032611.9486,805.4530,14735.0313,6230197.4618,7039.9034,6946590.6458,8474.4031,18248631.7483,12147109.6816,1969091.4703,23011.4158,223741.1245,4396781.2677,20557.7058,7015.3891,50309.4853,35547.7923,302740.9913,2896438.3517,4197.0795,962132.7030,22011.2968,15048402.6939,59800.9330,315311.2993,20141.8234,6392.6231,43348.8241,10022.6395,197755.9695,84761.5337,4002.8342,5211.4178,1635.5011,13148.2640,985.4193,1844.0900,4139.2937,2741.6822,1727.4708,2216.6596,2189.0312,1086.2205,2009.1289,1040.6460,1253.8203,1777.3873,3225.4036,1191.1163,1304.6353,1417.3609,2355.9685,2796.3658,991.0447,2836.5481,1096.2718,986.8520,987.0399
