466627.4820,11109.7373,8611.7171,27922.1036,2176113.2402,27624.8331,6729372.3034,774356.7491,540918.0409
11109.7373,305954.4519,1756.7313,49425.1110,123434.8585,8911.1887,1104797.9204,1187940.6950,479371.8332
8611.7171,1756.7313,5998.3202,3532.1514,16552.6842,2966.0541,9847.4087,17728.1182,7970.5784
27922.1036,49425.1110,3532.1514,34608870.8003,35413.9744,20261.6426,1241149103.0232,27931407354.6724,3622854584.2083
2176113.2402,123434.8585,16552.6842,35413.9744,2816983074.8172,177185.0153,97082499.6686,11044042.4381,22426879.7626
27624.8331,8911.1887,2966.0541,20261.6426,177185.0153,40772.3969,1342456.5417,522896.7207,607427.9291
6729372.3034,1104797.9204,9847.4087,1241149103.0232,97082499.6686,1342456.5417,1889284293167361.5000,10004255822644570.0000,149930715916612.2500
774356.7491,1187940.6950,17728.1182,27931407354.6723,11044042.4381,522896.7207,10004255822644520.0000,32558558396150132736.0000,121623713982587728.0000
540918.0409,479371.8332,7970.5784,3622854584.2083,22426879.7626,607427.9291,149930715916613.1875,121623713982589104.0000,634641210857969792.0000
