642.0322,642.0221,642.0514,641.9552,642.0096,641.9652,642.0199,641.9503,641.9505,641.9465,642.0122,641.9539,642.0186,641.9846,641.9998,642.4612,639.8567,643.1859,642.6695,640.5151,648.2432,644.7371,630.8470,658.8199,643.6694,664.8278,620.1706,657.0289,592.0040,642.8838,651.9715,686.7076,630.2605,610.2335,620.5688,705.8873,618.5756,646.1825,614.0381,685.6082,604.9804,677.7308,618.0348,640.6953,655.6618,633.6892,643.2375,638.5485,653.2809,638.0497,631.4737,650.7051,641.1632,638.6573,646.3704,641.3733
642.0221,642.0151,642.0352,641.9693,642.0066,641.9762,642.0136,641.9660,641.9661,641.9633,642.0083,641.9685,642.0128,641.9895,642.0000,642.3164,640.5396,642.8250,642.4612,640.9973,646.4661,644.2055,635.1177,654.3705,644.2765,658.7232,627.0017,652.4937,607.6196,643.3947,649.8772,673.4906,634.9651,620.2171,627.6690,685.2111,626.2916,645.1918,622.7565,671.7618,616.4327,666.4238,625.5148,641.1411,651.3913,636.3030,642.8596,639.6408,649.7333,639.3642,634.7955,647.9840,641.4381,639.7164,644.9978,641.5776
642.0514,642.0352,642.0819,641.9286,642.0154,641.9446,642.0317,641.9208,641.9213,641.9148,642.0195,641.9269,642.0303,641.9767,642.0033,642.7503,638.9339,644.4714,643.1859,641.4110,661.5500,661.9741,655.0504,705.8191,690.6296,726.9681,609.1485,676.9757,575.7919,674.4636,702.7232,765.3920,666.9603,598.1099,625.7308,751.0541,623.2467,662.0650,599.9564,721.1339,585.2400,706.2825,605.4839,641.3188,666.4090,629.1414,644.4495,636.8144,661.1486,638.6219,626.4036,657.2283,641.1361,637.0167,649.2460,641.2846
641.9552,641.9693,641.9286,642.0624,641.9868,642.0484,641.9724,642.0691,642.0688,642.0745,641.9831,642.0641,641.9747,642.0231,642.0032,641.3692,645.1236,640.6655,641.1584,646.4827,638.2032,646.2309,668.0954,629.9540,653.9043,625.0347,674.5304,627.2392,724.7582,650.5966,641.6338,599.6535,678.5925,691.2382,680.8138,563.9847,685.7877,641.7891,684.0710,588.2717,697.7623,597.2323,677.4074,644.3098,624.2323,653.8507,640.4437,646.9599,627.0505,648.6490,657.4824,630.4885,643.3495,646.7935,636.0588,642.9784
642.0096,642.0066,642.0154,641.9868,642.0030,641.9897,642.0060,641.9853,641.9855,641.9843,642.0037,641.9865,642.0065,641.9982,642.0042,642.1542,641.6600,643.0023,642.3730,645.9228,653.9567,659.1342,662.0376,672.9229,676.4552,683.1775,637.1996,658.6809,638.9405,666.1463,676.6603,693.6655,682.3408,637.3344,651.6378,663.8005,654.9763,655.6866,635.6610,660.7318,631.8329,657.0677,635.9321,642.7460,647.8960,639.7855,642.7428,641.2554,646.2732,643.3407,640.0093,645.5451,642.1612,641.2755,643.5006,642.0542
641.9652,641.9762,641.9446,642.0484,641.9897,642.0376,641.9786,642.0537,642.0535,642.0579,641.9869,642.0498,641.9803,642.0178,642.0016,641.5073,644.3834,640.9107,641.3397,645.5197,638.3631,643.8867,658.5121,628.7359,645.9855,623.5701,666.9476,629.5440,703.6769,644.8776,637.1253,603.6881,665.4050,679.1536,669.8296,580.1380,673.6336,640.2022,674.1801,599.0422,684.7339,606.3010,669.1687,643.6223,627.8729,651.1429,640.7347,645.8122,630.2442,646.7965,653.8641,632.8919,642.9924,645.6785,637.3498,642.7260
642.0199,642.0136,642.0317,641.9724,642.0060,641.9786,642.0123,641.9694,641.9696,641.9671,642.0076,641.9718,642.0120,641.9915,642.0031,642.2980,640.9920,643.2419,642.5127,642.4340,653.7933,656.6527,663.1479,684.1187,684.5108,698.3534,629.9195,660.4081,622.0503,670.8098,686.8022,713.5170,672.5145,627.8117,645.2124,684.2393,643.7474,656.9634,626.4158,675.6194,620.0745,669.3281,628.2906,642.4578,652.6188,637.1707,643.1926,640.1473,649.8876,642.2370,636.4828,648.5165,641.9084,640.2417,644.9317,641.8700
641.9503,641.9660,641.9208,642.0691,641.9853,642.0537,641.9694,642.0766,642.0763,642.0826,641.9812,642.0710,641.9715,642.0244,642.0013,641.2925,645.3482,640.2770,641.0050,645.3972,634.1539,640.5049,661.5530,618.9716,641.9909,610.6174,677.4473,621.3188,728.9932,642.3262,629.6084,581.6199,666.1988,694.7225,678.4069,554.9561,682.7845,636.8958,687.9163,580.5944,703.6582,590.9117,680.8996,644.1155,621.6287,655.0469,640.1284,647.3895,625.0911,648.3774,658.7304,628.8791,643.3350,647.2104,635.3366,642.9906
641.9505,641.9661,641.9213,642.0688,641.9855,642.0535,641.9696,642.0763,642.0760,642.0822,641.9813,642.0707,641.9721,642.0257,642.0015,641.2993,645.3636,640.4749,641.0823,648.0497,637.4369,645.7485,662.4172,620.1265,643.1036,611.4323,677.7390,624.8997,730.6352,642.8596,631.5014,584.4175,675.2205,694.8575,680.8473,555.7256,687.6886,638.6607,688.1871,581.2096,703.4436,591.3576,680.8555,644.1875,621.7810,654.9970,640.1603,647.4095,625.3069,648.6024,658.9211,628.9708,643.3817,647.2033,635.3773,643.0116
641.9465,641.9633,641.9148,642.0745,641.9843,642.0579,641.9671,642.0826,642.0822,642.0891,641.9799,642.0767,641.9701,642.0277,642.0050,641.2549,645.9897,640.7888,641.0585,647.7386,643.1271,655.7432,697.9881,652.6139,691.5955,655.3765,682.2899,630.7014,752.9544,676.2563,672.8361,624.3335,715.7685,706.4078,703.2891,552.3034,707.7802,651.7232,694.0432,583.5166,710.2231,593.0468,685.5389,645.8016,622.6399,656.4402,640.4988,648.1497,624.9361,652.1759,661.3121,629.2310,643.9560,647.9826,635.1113,643.3785
642.0122,642.0083,642.0195,641.9831,642.0037,641.9869,642.0076,641.9812,641.9813,641.9799,642.0048,641.9829,642.0077,641.9951,642.0046,642.1938,641.6569,643.1551,642.3802,642.5823,655.6891,662.0373,680.7136,697.3342,705.7076,714.7959,635.7246,660.8313,639.9047,685.6923,705.6268,722.1661,696.7272,638.4541,657.7396,670.5893,657.5800,661.3093,633.9148,668.5718,629.5168,663.5144,634.5887,643.4238,650.5041,639.3097,643.1178,641.0984,647.6420,644.4704,639.4334,647.0462,642.3112,641.1954,644.0151,642.1451
641.9539,641.9685,641.9269,642.0641,641.9865,642.0498,641.9718,642.0710,642.0707,642.0767,641.9829,642.0663,641.9747,642.0240,642.0102,641.3790,645.9229,641.5837,641.2823,646.3575,652.0287,669.8584,737.0978,700.9398,752.5655,720.4166,678.5251,644.3135,757.9052,719.6424,729.1781,688.9002,768.8004,706.8545,719.7888,568.6389,724.0024,668.9576,689.2853,601.2131,702.3192,607.5921,681.2308,647.3066,628.8023,654.9035,641.3914,647.6975,628.6689,654.9803,660.0042,632.8476,644.3258,647.6335,636.4566,643.5829
642.0186,642.0128,642.0303,641.9747,642.0065,641.9803,642.0120,641.9715,641.9721,641.9701,642.0077,641.9747,642.0159,642.0037,642.0238,642.3681,642.7563,646.6260,643.2918,659.8493,707.3613,736.1835,822.5904,855.1117,923.2229,932.3376,640.9385,715.7294,684.7910,817.8660,905.9126,986.4944,885.7752,657.9333,749.6333,701.1158,740.7290,729.6105,638.3049,712.0271,627.3859,697.0237,635.4344,648.9513,663.3500,639.0492,645.3679,641.8559,654.8942,656.7512,642.8010,654.0243,644.2837,641.9260,645.9794,643.2683
641.9846,641.9895,641.9767,642.0231,641.9982,642.0178,641.9915,642.0244,642.0257,642.0277,641.9951,642.0240,642.0037,642.0592,642.0924,642.0439,645.6784,648.3346,643.8615,708.9802,772.3505,936.1447,855.4040,887.4692,924.7622,909.6182,674.7378,787.4574,797.9995,845.4154,959.0065,915.9273,1340.5279,704.8138,804.4931,643.5218,934.3016,749.6792,680.1848,667.0388,670.4273,660.5029,664.7452,652.6437,649.8881,648.2124,644.5415,646.3755,644.9786,665.9389,659.7513,645.5125,646.1533,645.9456,641.5731,644.4293
641.9998,642.0000,642.0033,642.0032,642.0042,642.0016,642.0031,642.0013,642.0015,642.0050,642.0046,642.0102,642.0238,642.0924,642.5256,643.0248,657.1706,664.3672,647.3619,684.7521,953.9094,1219.5069,2876.3264,3111.7009,4246.1008,4351.2613,722.4632,1100.4008,1334.6830,2697.6265,3463.7901,5209.4983,3831.6148,908.4911,1656.4318,808.1980,1582.8720,1393.9809,726.0212,989.9123,695.3233,902.8514,696.7663,699.8044,744.4649,655.8395,661.1792,654.5314,684.7030,771.4205,686.5124,694.1337,661.1780,655.6658,652.6930,653.5381
642.4612,642.3164,642.7503,641.3692,642.1542,641.5073,642.2980,641.2925,641.2993,641.2549,642.1938,641.3790,642.3681,642.0439,643.0248,652.0392,672.6666,760.2643,669.6669,849.4409,2567.6690,4515.9803,23735.6903,49750.4729,114743.9075,190015.5662,614.6028,5649.0238,2231.8840,35256.4993,66310.4371,577145.3738,42881.1022,985.6917,9684.6622,6308.5558,4579.8072,11471.6971,535.0935,7573.2848,374.1383,4725.0696,522.0904,875.4548,1546.8439,583.1934,744.9058,647.0079,1076.7654,1248.3697,663.4697,1063.8901,715.3315,649.7242,758.2115,683.8391
639.8567,640.5396,638.9339,645.1236,641.6600,644.3834,640.9920,645.3482,645.3636,645.9897,641.6569,645.9229,642.7563,645.6784,657.1706,672.6666,4423.3219,4904.7230,949.1687,7079.6082,5597024.0992,364312288.6028,186917482134996.3750,35161622233551.2617,29260308943651892.0000,4234286992634303.0000,1144712.5534,168034834.3390,3771763492867.3296,144663523594487.9375,654550506224946.3750,1311176194547551.5000,22319015371438568.0000,342950202.3481,2258197459571.9893,4394.5616,1413435291094.4939,18112154196.1692,2443964.1747,1503510.1828,1750814.9408,544026.8861,535109.8569,49101.1612,74492.9359,7566.1522,3969.5664,4157.4342,7352.5729,1233258.9934,70086.7108,13604.9443,5446.3267,4229.5486,1472.8315,2821.1303
643.1859,642.8250,644.4714,640.6655,643.0023,640.9107,643.2419,640.2770,640.4749,640.7888,643.1551,641.5837,646.6260,648.3346,664.3672,760.2643,4904.7230,46141.6166,1506.3928,304732.8243,174255917605.5608,1003202646023.8993,172099760818699136.0000,600533938654694528.0000,425516522822673825792.0000,307373902204279324672.0000,369303.6630,196749844.9007,381150911.9186,18034805561956312.0000,135999937115674132480.0000,11042831412851908804608.0000,5064916264103573.0000,83678607.1364,328194176156112.7500,377515332.7447,26643246278.5439,3416515840217.6821,23745.3761,56467253627.9937,6138.1479,4996521692.7035,18001.5997,66768.3640,3788413.0215,3580.0394,13112.4121,4651.4983,265112.0325,4171345.1062,13292.9536,233588.7987,12462.0544,3276.8507,5298.4699,4489.1958
642.6695,642.4612,643.1859,641.1584,642.3730,641.3397,642.5127,641.0050,641.0823,641.0585,642.3802,641.2823,643.2918,643.8615,647.3619,669.6669,949.1687,1506.3928,907.5240,24085.6012,5610211.8752,214698833.7572,125514398.0403,1637746743.1384,1158024274.7908,1783636106.3000,1406.3116,12185460.8253,677967.3722,94730906.7767,7953930740.8541,460879335.0370,748937839503.9226,51956.3538,970301.7913,91873.5054,314811083.5922,152300.6796,5688.6262,181562.5436,1194.8082,99772.3299,1471.7129,3837.9569,8738.6171,763.0005,1277.2717,849.2201,2793.3788,5393.8664,2879.3999,3580.0151,1110.7181,987.3799,1082.7180,909.8856
640.5151,640.9973,641.4110,646.4827,645.9228,645.5197,642.4340,645.3972,648.0497,647.7386,642.5823,646.3575,659.8493,708.9802,684.7521,849.4409,7079.6082,304732.8243,24085.6012,6399394517368799.0000,145174339298094907392.0000,894685648085734777180651520.0000,46509114279064395776.0000,19524069966960564109312.0000,859473964226441248768.0000,793580779966281600.0000,34479361.3865,1694245808037765054464.0000,11432435916575909888.0000,61620802753956832.0000,3682625208970825722494976.0000,652909638103152128.0000,2624081818190600564550542894070497280.0000,5596181953768.1396,12575829688386361344.0000,5315288.3017,182308960224043893706981376.0000,7213687099295.6895,8255371297.7075,16183736.6508,41595454.4088,16551971.9996,11544883.3231,2467506.6422,114759.1262,6912.7287,13059.5780,9349.4543,94665.3088,6667714.8953,30639556.9015,64428.8340,17235.6301,16297.8727,2972.7237,4276.6704
648.2432,646.4661,661.5500,638.2032,653.9567,638.3631,653.7933,634.1539,637.4369,643.1271,655.6891,652.0287,707.3613,772.3505,953.9094,2567.6690,5597024.0992,174255917605.5606,5610211.8752,145174339298095235072.0000,349263990765325026261315640571092386270997905408.0000,508637216457724167214264507416912521760536099130729037824.0000,6388472348925200937025274354216639118771146577320517767790592.0000,277517112327916838759021129351744477756129900428226223809873909399945216.0000,109661861801496936168402483720348488380371858083773591979140319171630333952.0000,861651123144590109424644999406826578011862448319299585596335226631680425984.0000,2121236793913.1331,163719783525836484168292242115371164762112.0000,61204548782161948773595454898176.0000,27854262915478931140864127332926013568696098708010395762688.0000,473384442246216641140450860186771906546909665362688874769788599926114320646144.0000,637747879037599031065026245871336374513644659387025658233353246028746194944.0000,18930980366769180722525426617869485490378199600777467379426312761236991510577152.0000,1932270156495773616127868928.0000,10853420476956476814496498481439354739492913152.0000,12436214769795345896439808.0000,44528726276142759331313308952684998272847343121334272.0000,111595958284904199062394309273714688.0000,1489513170579310.5000,35808047107704068827545134985904128.0000,7112153766.8633,40517833253545525045562286538752.0000,2843380693.1537,137811216839440.8281,13044602228799059968.0000,3504400.9093,3661304575.4776,5753865.4297,115967431695011.1094,37660452101088520.0000,2747083408446.3140,843040847903909.2500,683365996.3572,50578629.4945,100198714.1069,7881964.0121
644.7371,644.2055,661.9741,646.2309,659.1342,643.8867,656.6527,640.5049,645.7485,655.7432,662.0373,669.8584,736.1835,936.1447,1219.5069,4515.9803,364312288.6028,1003202646023.8861,214698833.7572,894685648085737388520767488.0000,508637216457727738817987709587025033340415702969876480000.0000,177395708169488343932371570385168131965908103949725655461535230618257842242359962632192.0000,3520642164092858725689691657875916794475328337107121234719509925915227324416.0000,30141140005553080487221897535986249874202380113272713209050457396212536232719553625325568.0000,3475035523485432200643304050826409557838327177722250573438294800864821907618734244217772572672.0000,7922379598035184526246788862621966860476699440266608115332520454223491598120715211165925376.0000,61367171912837.9453,1053013833725448088125047810078734933181324215327916032.0000,2541469825390375136173141495216803545668322559262720.0000,11679824362333930376670828450279706608993701319559497170978755766026357021081600.0000,67735297740265055442689615381044386121225250290197072464982474878562576107200429051728525000704.0000,1619708989064414728475954886571227067806351454205256465950958337510379724176498684690694144.0000,510347703199228223194187994868403694430953293546428454753147185283677867211164543435071895160393980951142596608.0000,65127011771308832953872729345116602368.0000,39130842553255152056295999523173500740967563896758338584576.0000,1230341119005061935872675414016.0000,108902521490230900465875465636577312546651227757216969677485384974509015040.0000,1714224410464178060393398455888633399345152.0000,487205434421757903634432.0000,215913365747428766641642966913606746112.0000,100795499553216992.0000,146864711705743171364570401899282432.0000,83859907223907024.0000,1545458404294947072.0000,31764888192313274138624.0000,316452675.2949,109256078069.4894,153531404.6658,867886597885308.6250,302836431471431909376.0000,2295502274513389824.0000,207188779864917120.0000,35582082057.4121,9448883573.8008,1068622389.1561,117902847.8302
630.8470,635.1177,655.0504,668.0954,662.0376,658.5121,663.1479,661.5530,662.4172,697.9881,680.7136,737.0978,822.5904,855.4040,2876.3264,23735.6903,186917482134996.2500,172099760818701472.0000,125514398.0403,46509114279065731072.0000,6388472348925872457064692508340677042319772564782185850077184.0000,3520642164093169668201255772494234164140196352070709280998806896328858140672.0000,109426327698115635250366031270647637837701141036460322932744997115766891682606087658439651686986576726055108307874401297096507392.0000,17934400911088443173625401294940149504711176203869957152063274010873634903074075128681753948441060717672965812705596243181568.0000,18599926973203697592582727066988179430818517489220904605113383000319093180656843378350031578364732708278707655996808619275407276900850216206336.0000,2141476916866771736921782989527391534981444300280732029996508737212529697958214586028860343032799768399767954439750265754734179723186798592.0000,8362599209525369318249450411393024.0000,1958416272470206513323566171246605007823247109356823511040.0000,50301599365931586428365199673216185046270166585329775228334747256608991874530420981760.0000,5457249045553236835942802040112003190257891360452827372619618913639946727034587682416388441699333722576726576668344320.0000,3327327784617488418602639911552135478415833617590376686747266803692098460756460202218393076601346710656296095228018278882217403925189885952.0000,1609534566374699336457304412584890452345516706702262338132898830195577795194137912813262077060601976759918605799910942249166718369792.0000,5574957300719004088919234684531917260259178491953393842114843143357155847180032989394954561818697865122391330766424269106631573241856.0000,705328039394605285318765154589916397243786027161154548314144768.0000,13984374992359135291400571126727173042814508691729852068535770713729950717418814365681698060894208.0000,445655046799403238039748608.0000,55733879961747188601768482283100461399734909054060602417593855263869763527151830050013184.0000,1503425347966150265211500754638669361608100356152970912490314649998658109440.0000,143223271070059235080037177980092416.0000,12055799316389896821421497448728892135797856141312.0000,8992579760244269648295567384641536.0000,375648686023371278871312740393347696463708160.0000,1971088754266169326907271675904.0000,115565242109344164064788480.0000,12810022820561171275754596466688.0000,6574134031049475.0000,20129503476040444.0000,79296922720996.6562,479974436013303398400.0000,25470369985086169589808131463962427392.0000,572079517439134196039680.0000,419614885191367302053888.0000,18879370517571964.0000,185118378786215.4375,512898918566.7505,7498970752849.5732
658.8199,654.3705,705.8191,629.9540,672.9229,628.7359,684.1187,618.9716,620.1265,652.6139,697.3342,700.9398,855.1117,887.4692,3111.7009,49750.4729,35161622233550.7305,600533938654680192.0000,1637746743.1384,19524069966960719298560.0000,277517112327901342164111893483608758150991356501761471119870388814741504.0000,30141140005551235898886268902746164911611604506342189315862119250020257275845404130279424.0000,17934400911086059402903885854213841681905435026787170834276132066204867002737969936521262620870945063189605272472018829180928.0000,431382806814119313916952068617894324853038090300386018462293608405835101302029105604219645121142722911738183388175137503284365400780060547375693824.0000,868001580340771963781594207283482418849935710957301454787104376940911045091362669337446609340616973197282804757582821344562488921459974945330067144704.0000,12073337625321678441549953519253002848054351821094873617037368564132077938034457137966770786507756135871799943164708237458802961966556277902768066204742635749376.0000,2008759070514165055488.0000,2127643779660849468513550817644279208886008920282221364890417130874339328.0000,7258860763110304892679395850737055856026974536474753163591680.0000,249830955618434921137230142627143729165296971601140626812440393523768938250252458363006967651956285456119657412687648633389056.0000,11082370133909380073303256214265597154997019842198148308810187165980450041666919373573787129439102527563851095169324629497175046959693994307061509259264.0000,10517949216097305437079849187662593236934933641137379289832368644511502304659282961541329824227354557590980695910966511844155233217902727671910205363635199894232236032.0000,548483274477229762828922075293986131430877232174749201532342416918515096529751275625336366728626526403635089671289620374736892021138941542400.0000,326054294623895886541525475969169386562484436992.0000,82673694855977546380413847262095612267836328644215697959397114546877687630486674253807616.0000,284849723251117228970385220732189358817651821429158451708166144.0000,64740761860948213638494776909133412551641185518900700567690663495037965105812271102164992.0000,1108294478817532910262326674459719209622784097040380110871940334619827744435863552.0000,246974951767078749601792.0000,17969926479952770785042723145472327058545719501360029928013312292581443371008.0000,102998812070284.4688,21489731835950840688852725545822878767209690204552025442400816070656.0000,72528559354135328.0000,380511079253674980460724224.0000,41162179094194958963686221280250655932416.0000,251101795281.9715,254517218273732704.0000,2588244697158.7173,16997510009053491494459015168.0000,497215851415217326717476048438558720.0000,395095526358004072448.0000,659032165165435304553079635968.0000,36332557728050760.0000,21517298558272.5977,625552910306339.8750,9675210797293.7480
643.6694,644.2765,690.6296,653.9043,676.4552,645.9855,684.5108,641.9909,643.1036,691.5955,705.7076,752.5655,923.2229,924.7622,4246.1008,114743.9075,29260308943651572.0000,425516522822679592960.0000,1158024274.7908,859473964226467069952.0000,109661861801501053947140897382929564658233482312942555124311887578270793728.0000,3475035523485442390347156934651606832085007942258141661196945377234457379886126940573180887040.0000,18599926973203069409605152819871556196354922571819344787338493166876281118876860378209981866309512714077324686873645929079173833904107714248704.0000,868001580340873357783633444444714049521136087589843787756920257810320312974148368518138428350920976848857374774978547716326563053281703022257258889216.0000,239513527124850046428403310884302456003622332496670513670491146416794517075898843332126048966084441943851891797065417976407364535399889512162299758806949861941573358017199472640.0000,385534661563191804488591266227498506840853209810896194072402050341895204072615638216738501055590178438914232563347272478009326678149683506618506464679996213452688447250628608.0000,81343224755731280442987031367254016.0000,2681011878018455472538634109718992794910604888184684856436174811008335872.0000,35966641348604488695788983000934753154810707575699678660535018810988203585381672513699840.0000,82649481043263738238293671467027374200785089487387635102380521295413129537036967545377146273347930377191220580902255249762664480765835739136.0000,11978970074337237663991421225010639812124127494255804381673660746094619550121070175964183549206512860120202340260202852607330282431161421965412081210927759709662347264.0000,14412776597159446598056270279512312553612293952438842847254817702461931886848837422336438676897325623770106496299999312581110211421897451569402869705305366594331524171961466880.0000,5386926277824794565107389072197803046179636180233321219157271099995428707789661327701478309461360431134886834156821050961569376378953190211730912650599596032.0000,9830300508050736616432135708808171543864909167427451904656932864.0000,2790711245521431519329464556107960326409494403834961663465431287640555859283917974216728245977043286230963322880.0000,355129903178575019339829969293591488440681757671424.0000,110767375151020218191283367720050099462720880550131912832452433518535208925255554181128069908474626048.0000,731529404638882940308681792756898024730452703816838845515134069804094515245567437511134806016.0000,6001621450584628532276102160187392.0000,9634144448063876102769812786357544462372070860484321766058480823252811776.0000,34947857687458194370202697728.0000,86249814493767211414298314627408961818651506691111028242492948480.0000,14224540990964292156666150912.0000,4264019479714456866427529854976.0000,497652724164886648795958765379208563654656.0000,14825375673839668.0000,22469729539166457856.0000,4394458822203026.5000,11988909500822999632854384640.0000,195646604820075992225828466953861207892688896.0000,20922543088033178327187456.0000,5523205654598524260944300736512.0000,26376687363696074752.0000,7848877944122415.0000,1242029728001970.2500,1431213018870124.5000
664.8278,658.7232,726.9681,625.0347,683.1775,623.5701,698.3534,610.6174,611.4323,655.3765,714.7959,720.4166,932.3376,909.6182,4351.2613,190015.5662,4234286992634249.0000,307373902204279717888.0000,1783636106.3000,793580779966292224.0000,861651123144548027734610967098985822879569264123646035405435539744305971200.0000,7922379598035257800928259351776883338990650250583296512744691679892922817373095218693275648.0000,2141476916866612091905320144490744647434554386074613470265572863298072455274155817030276773842782985205446763198459572477030136582156320768.0000,12073337625323826204552570921908193386948449519513228652559522064283869038022679393723078785254398906470707625640866198387414489723108346110035416545033363390464.0000,385534661563173956014674926642239553898775598188531293540621677747830778467621755804461667149854659783848512781504331507599708827918786989449707201406083520979131548102033408.0000,1107737116863272526510759367424424098179526192932155542350919799490628979416085529305205208147807912129472941197119052636889258426877732672110298626797828438660682326162941011872821805056.0000,12638080483065027675291648.0000,129886974242731889188083827446884815012296018226561124763754215946817898133237792768.0000,102299890899856430481821705071609727824060959265016594260237479837696.0000,101888168852917968378768826207814620787118858247431034630411898458557794082897900614701133227877100416150480292903518678093574352413298910035968.0000,63125243918075362129190221949015409912647662141888052293358785262083636341747223821508116693777764577846783367484501799099715338231479524036186953453940262394586690748416.0000,44151609697344330107302047130945889325152884509690922452220507567425543161761027642183059749819806022247282431802912569269668228937070639074124863879793005072819979390263529945707187425528250368.0000,415391804341425670202795824790483193877524453891307505138202479964450193452748667370251585601986134108671461558805677877418644059617778933860199867686584320.0000,63247836095363897740855255104413065002368494469120.0000,444297972271085851606318671391061251868599077386386542151907064730233495588257371651100210883234627584.0000,3686447804167379183604375516206445498980801962687865953603255151281026931621888.0000,8608456905290205919611687410442588346926176723371304450063724327525810908133329367098177093632.0000,2621052484510718556717935476601162955800759447866768750644391163634597510888040001597802314465280.0000,33417373791375511781376.0000,6269340850065998872748514111795170335284772696661459366841403586923778103347668006740164608.0000,2720145604056.3369,55778451211508145070213361797396417552387174002393793875621342645038465645805568.0000,3167993659151431680.0000,3491617363103681291335766114304.0000,414233237208198447079933874989648811156398145536.0000,3399524960866.1821,53875693811325362176.0000,135429518762767.1719,686430894206767123339533225033728.0000,5896856690350474567802813334205103280750592.0000,4474494532165827035136.0000,30642598454283775942237558348447744.0000,9047856043860680704.0000,497212174521032.4375,87587540145951200.0000,871709375445043.0000
620.1706,627.0017,609.1485,674.5304,637.1996,666.9476,629.9195,677.4473,677.7390,682.2899,635.7246,678.5251,640.9385,674.7378,722.4632,614.6028,1144712.5534,369303.6630,1406.3116,34479361.3865,2121236793913.1499,61367171912838.3047,8362599209525286307901118718410752.0000,2008759070514173444096.0000,81343224755730745487408893790257152.0000,12638080483065334765453312.0000,724856938776371555320463360.0000,19705028056.1409,72785616403349447039957206713105970894995456.0000,705226545203989274352649502720.0000,2958429545732856627408666624.0000,57829614184884256.0000,2889303848666177474027207947976704.0000,8789310441416604546030895104.0000,275794493842404984929942790364725248.0000,0.0000,855410599042411213551755591680.0000,50970328439433912320.0000,2887272635863307649024.0000,0.0000,2296591496700802373779456.0000,0.0035,5371227480194997248.0000,32702791.5502,1074.4394,534848627.1193,57449.1945,3499945.6081,260.3079,1262792850828.8386,392488913781.2442,1612.2846,844689.6923,1240122.2779,316.7140,102706.2375
657.0289,652.4937,676.9757,627.2392,658.6809,629.5440,660.4081,621.3188,624.8997,630.7014,660.8313,644.3135,715.7294,787.4574,1100.4008,5649.0238,168034834.3390,196749844.9007,12185460.8253,1694245808037740937216.0000,163719783525829636812449944855725628981248.0000,1053013833725379351086929780509115331510622998149201920.0000,1958416272470096403394148426294843675214275908071887732736.0000,2127643779660877715471360057707716469938413354781093825489917219029647360.0000,2681011878018362885288037156177726217016612575105047346693368966499270656.0000,129886974242735043501843884071740791053061199523349940309651653193798187255636951040.0000,19705028056.1413,156423023514977209149949819311796133932608377511528569503744.0000,84544340714821003875204910552631476224.0000,595794851452826638340006257409022943531698421611886187160541079797760.0000,23716155960742644496816845684007589336755890414062716259469599938109197254656.0000,2119991252041228863535304454360264838004731854063493179859634280769590534282941084729344.0000,2356611051454002885897134961959674836702233289725230522324105888862667487264117096000652312576.0000,1835892278726135906304.0000,5350028105846279961655654257524736.0000,357977265171432358950667778523028268261572608.0000,4188716655131291159727776630044434756836145464218428112896.0000,63641220465549309866994991106404261489016832.0000,15638014408547.0293,3920865592807685605820580018719175328399360.0000,56552.4204,13593095237847383605997336087217831936.0000,829268882.6234,63665633613718912.0000,69453995609760758497280.0000,420391.6032,1869748737.2214,4313443.7614,458171893526210.8750,143391689230414921728.0000,23395284742208.8281,35115586635669332.0000,216145645.4418,197670976.8096,457716485.3106,28608486.5434
592.0040,607.6196,575.7919,724.7582,638.9405,703.6769,622.0503,728.9932,730.6352,752.9544,639.9047,757.9052,684.7910,797.9995,1334.6830,2231.8840,3771763492867.3218,381150911.9186,677967.3722,11432435916575748096.0000,61204548782159967189759411879936.0000,2541469825390266139477487132115225433489379571007488.0000,50301599365929847188285808451141751487792872774915757548873760319197090918426023559168.0000,7258860763110279202220927143459196806879524445562298274152448.0000,35966641348604757256542829315352849816030820499314084438087343905069838069524268991905792.0000,102299890899856897414056812647121258882920794124845978094813770153984.0000,72785616403352388385490548776639131214151680.0000,84544340714818935478685413648027877376.0000,32822889007771531216358495865559950409922666683408463043002748156305509367473454429314730445303191760093955289891471360.0000,19170123465724774622397779129144872967404918231770140842589915441109507632005120.0000,28293588170264054966713801955757056480666465708490021354557368612139405672448.0000,164855830043591869493667806820175878096420864.0000,66359542088314044609765614808691440692801988160494561048721878801510965207277918894585848018410906119580397747568640.0000,21032504789423421720868643072012834894635722032403430605440770063204352.0000,47097827467726066527486331882403212203975269258282105055567412128845339295744.0000,0.0000,4541143875941887909089234129580887757805310768450779149770731928450239606090540559717829181440.0000,486636193183881419964321401925027579983007055872.0000,1289115953281467712110602421056073778993836798821531648.0000,0.0000,562727827696880744800578049124571885787814305017300072267776.0000,0.0000,1159140687832242236489084566504458064916119552.0000,225884749167786000384.0000,60354156.0228,6776344439510837248.0000,1588909041.3702,9771841866072.1621,124.0077,2284263641486973449284651843584.0000,122211464796937168588833292288.0000,10964356.1307,279227735265.5974,81658478975632.5469,5441.2665,5117182515.5784
642.8838,643.3947,674.4636,650.5966,666.1463,644.8776,670.8098,642.3262,642.8596,676.2563,685.6923,719.6424,817.8660,845.4154,2697.6265,35256.4993,144663523594486.4062,18034805561956472.0000,94730906.7767,61620802753956592.0000,27854262915478864238628531741056588961541280762925877821440.0000,11679824362333843164929290426359472395627025779982733085977877186293599544803328.0000,5457249045552824722910241324137260620878266766705652989848127738125525129040010344712091292085383641117964600959041536.0000,249830955618449012392726785626511066048877707623304880907733843442993181996081651617157655302617067650109966024905840243245056.0000,82649481043252114230138463735663403722008641241423292434435277374453228272620862393944046974642940250114848627333495205890416470033413701632.0000,101888168852917036935043457496572731163603872680249411452331889395177072749913787890355542275519360424748429683514001585733642005900887614029824.0000,705226545203984348540557066240.0000,595794851452788613294398522541724927046087254565267647196071899168768.0000,19170123465724827278543613407738221926418760066986300290137615715665134787493888.0000,92872965160370319151192756320021200200350788326090828456114600954276572039931497133755828288347512224334003840144509706960896.0000,1685406270822035429439454975446288632462152185752650956128392941629436413504370074790396507167942183794800026870960695642741850408629567488.0000,1480424990407339176805033509090312435465549410789384741271188257732072063194310386495640625833916524905415883870876828136404069338894590541824.0000,3067835883658509928397784073561070962903977185663758897007783092847649388670582471773832405810928726093083124760601017602433589317453479936.0000,276507626146968110192327625217673280709784899590029312.0000,5667274857180068653653735358394476139948014269736744296422634102935829359640154380173312.0000,40032006139465023327038158909561587655245824.0000,254540710228524057113182537179780635076264078304075947600081573271898388058451689147990016.0000,213535660560053382740422965715449575643794485010349010546081703582550724706304.0000,27632719449092063421942512746496.0000,459360193149948098824202513426486672179398553382516630224896.0000,15269538064396881437392896.0000,73366230856230106389002654049617515848620622231896064.0000,87012280073217805433962496.0000,590468059001588332080660480.0000,76625686229193451179382772189888512.0000,50714540123936.5703,13036915383565922.0000,9691610199965.7461,59946720438230064300032.0000,9214181068824925684928408309406367744.0000,751777054519175248084992.0000,33887415185214299340537856.0000,7257266920469838.0000,79418433426299.8750,4329755793150.1592,6091480418116.1680
651.9715,649.8772,702.7232,641.6338,676.6603,637.1253,686.8022,629.6084,631.5014,672.8361,705.6268,729.1781,905.9126,959.0065,3463.7901,66310.4371,654550506224937.3750,135999937115673608192.0000,7953930740.8541,3682625208970885852037120.0000,473384442246216332608346362460639002490187935859469190506813793629889942781952.0000,67735297740265529727087131428180841067979845875867639458839665342312881725464525463907530178560.0000,3327327784616725560014655964668944968150363799810414707743126023165043976046713537935306373308264442307448663789304158623540526969706774528.0000,11082370133911211706888481143629781450992897613624719485039119207492359396968854584579832892205884529011649779354537751051622837728086501503165618192384.0000,11978970074337290038241147563280560023159276735842239847946397435131251282782959714104926023999390992441679554726717266794276323392297569441516815377216612966103777280.0000,63125243918074839224680954187728526525672732113889080598091782158741905122850918672710943825445669304749154858250821887857246065275496227634757287537712351482275453468672.0000,2958429545732876968373780480.0000,23716155960742891965275661568510022798918110953103504678730642488205833666560.0000,28293588170262914040702378072661421687580903483042230590431782829226341695488.0000,1685406270821936271044136438156445845165947270096676695425948299446543716185078913921711060466068405413234069578233556960938096904883929088.0000,243705953960944885750200421548292991652811798493003519521803502058400043559339510216944784094565362479991775550131947572681559463559345169390976738633386196367365055184896.0000,30869230852561365689802071376363232975884933051543316452139085625699994954789263356723569722564022202056589922391771824757311662777221310339870555494531197455524954112.0000,96491474947806649187640206180408199955374327170369878654994974129585227567933596197565943065026921546033440878052030059285727596686020004574342925848082907136.0000,10730106520171052277103206812621247614788990612047700951040.0000,6862622385084152434824349568021741098421698702727325374391311850925070112636468197528411218928205824.0000,30854236753295203518975218036821445555416508316648506130432.0000,18790191967260026079513971330831912774035453751726866301132352428477567743281619581112283239760789504.0000,1289424108028416348027245486948322855212971369076327974993968365476251790121935831040.0000,21791331009604719973979127808.0000,21077101242868594207063179054583181911618345454827835434143416486573461471232.0000,2351067642763527323648.0000,69166849777785441350440327414205426358724186817277862851850757210112.0000,43801145930999002038272.0000,521116870751172158112988659712.0000,1277191351237336453262208658237017699647488.0000,71583925145889.6094,16626247555516870656.0000,41995691760883.4922,39920910981828790906668449792.0000,30707770913604102765365165017437975871488.0000,60151205915305120366592.0000,18930256600894919626574880833536.0000,767799929865679616.0000,1018432132489083.0000,2525263070316226.5000,83185113602115.7812
686.7076,673.4906,765.3920,599.6535,693.6655,603.6881,713.5170,581.6199,584.4175,624.3335,722.1661,688.9002,986.4944,915.9273,5209.4983,577145.3738,1311176194547545.2500,11042831412852122714112.0000,460879335.0370,652909638103179392.0000,637747879037615301312724368147876236879829613658376195538665296806203621376.0000,1619708989064504738732822956582513359314229301446126781290600769042582271282817335912562688.0000,1609534566374669075716545581624855422042719796406860036893139112732536810904803452098941567202852410603434854184698802758870162735104.0000,10517949216098181069067461405612821765178835023910597241579685164342689085100248677331868074670785832340677875273004374032159355536897693288036229706276965275362394112.0000,14412776597159711963674620288361454893969583242775049614545780042075837439228315698693736096689676473435575905487276514947323360505945734556970986751888585455969145515610734592.0000,44151609697346356237950914803288912961805077459471690248232344694818119166316540656251132458875665254204776134827467353393990153150538605456485904785705059210922574099095102788384629568850362368.0000,57829614184885632.0000,2119991252041167465599803405504811818416581037645068174794217853010795808467446166192128.0000,164855830043598326588912719363689751928373248.0000,1480424990407432253485439176093044865140920424951792580650549628527747341744685022831046698471408711546245795782983368979057192627743829786624.0000,30869230852563251162792219554080360573150305748654993237957606431018737330617286729790298815107634965629769643186290735487369137378122619479640985480929914687416434688.0000,3722555829071432601458709491882364234563762000153652938702153552112578187460648711189871959826625015240671234720340386213783383203299363485947657849217584863368771273551205213220926702718494874308824904473692201686484639821510771474432.0000,153693686504602132894624293412948965258280164055702663859439790664965575990010667934311561896774858826890145316612520934929855100538060800.0000,5638029198727405865180611523641344.0000,6837417832361026612898393211207124048701188343063023705049342491474716665577986356818276392674430812160.0000,179239757603227536999251119725341333553304679103852358073017086404193790194288853434673972214338703096545280.0000,13402318282772461648624235151695903134694264654758684742020571966030582120448.0000,730483771098330573671098999008884615543156321978318737487933529172976392134211456371090264310869302166251634688.0000,199264174.0979,1240706524801443487189224320806528024404141468744345714205407738672627745193020450612370412568785827319047520256.0000,0.0000,1967551081545934531748481229980376570964883405985070972385273715162992180002881649898639302066176.0000,7059910.4947,89771264694389539455228706816.0000,914195375723665335098926207579007907427048987461419008.0000,5624741307.8410,197976381854246305792.0000,270975104689764.7500,1227941596801801537924361887322266927104.0000,1564064286134567764315044565396084100538826752.0000,3785477885445337.0000,191862365467832437699828694978335342592.0000,131279999184573087744.0000,7112041480568.3984,7119108011088924672.0000,8880035734716164.0000
