992.4357,991.8843,991.9610,990.9293,994.6676,992.2461,991.8351,992.8828,992.4324
991.8843,994.3114,1004.3116,995.4106,994.9731,993.4218,993.9931,993.6944,995.4662
991.9610,1004.3116,1088.2746,1036.9408,1029.2652,1003.6940,1015.3572,1013.0959,1046.3426
990.9293,995.4106,1036.9408,1172.1837,1069.1224,1025.2502,1062.9309,1049.1543,1196.3897
994.6676,994.9731,1029.2652,1069.1224,1054.3952,1009.9823,1026.5615,1026.4498,1092.9131
992.2461,993.4218,1003.6940,1025.2502,1009.9823,1000.0759,1005.8092,1005.0187,1031.1196
991.8351,993.9931,1015.3572,1062.9309,1026.5615,1005.8092,1021.2663,1015.8850,1073.5474
992.8828,993.6944,1013.0959,1049.1543,1026.4498,1005.0187,1015.8850,1016.0419,1061.6506
992.4324,995.4662,1046.3426,1196.3897,1092.9131,1031.1196,1073.5474,1061.6506,1232.5641
