2000.0319,1999.9593,2000.4869,1999.3123,2000.2645,1999.9878
1999.9593,2000.0523,1999.4156,2000.9464,1999.6689,2000.0198
2000.4869,1999.4156,2065.8940,2095.4432,2010.5843,2005.3001
1999.3123,2000.9464,2095.4432,2444.4766,2010.9425,2020.2152
2000.2645,1999.6689,2010.5843,2010.9425,2010.6745,2002.5544
1999.9878,2000.0198,2005.3001,2020.2152,2002.5544,2001.4479
