979.3440,974.0414,976.9330,979.0024,980.5227,974.7226,992.4166,994.6296,976.0786
974.0414,979.8213,972.3077,975.6937,982.7371,977.1854,974.9932,977.4827,994.4950
976.9330,972.3077,976.6057,976.1844,974.0609,973.3572,982.7229,982.9196,966.6288
979.0024,975.6937,976.1844,987.6924,979.8066,976.0726,1014.4066,1030.9655,1014.4341
980.5227,982.7371,974.0609,979.8066,1001.2492,980.2668,991.5506,995.1952,1005.0646
974.7226,977.1854,973.3572,976.0726,980.2668,976.5154,977.6256,980.2525,990.3753
992.4166,974.9932,982.7229,1014.4066,991.5506,977.6256,1111.1411,1153.6582,1072.6063
994.6296,977.4827,982.9196,1030.9655,995.1952,980.2525,1153.6582,1233.0150,1139.8487
976.0786,994.4950,966.6288,1014.4341,1005.0646,990.3753,1072.6063,1139.8487,1214.2766
