1.0000,0.5984,0.4949,0.6433,0.8078,0.6182,0.6638,0.6200,0.6317
0.5984,1.0000,0.6082,0.3748,0.3824,0.3847,0.3556,0.4185,0.3436
0.4949,0.6082,1.0000,0.5441,0.7086,0.5542,0.6158,0.6129,0.5940
0.6433,0.3748,0.5441,1.0000,0.8774,0.7466,0.9250,0.8069,0.9802
0.8078,0.3824,0.7086,0.8774,1.0000,0.5684,0.9097,0.5795,0.9014
0.6182,0.3847,0.5542,0.7466,0.5684,1.0000,0.6496,0.8553,0.6963
0.6638,0.3556,0.6158,0.9250,0.9097,0.6496,1.0000,0.6801,0.9438
0.6200,0.4185,0.6129,0.8069,0.5795,0.8553,0.6801,1.0000,0.8185
0.6317,0.3436,0.5940,0.9802,0.9014,0.6963,0.9438,0.8185,1.0000
