1.0000,0.4957,0.6896,0.5074,0.7886,0.7170,0.6514,0.4239,0.4401
0.4957,1.0000,0.3636,0.5869,0.5328,0.5812,0.5351,0.4671,0.4175
0.6896,0.3636,1.0000,0.3667,0.5481,0.4975,0.3294,0.3152,0.2730
0.5074,0.5869,0.3667,1.0000,0.3503,0.5223,0.7774,0.8130,0.7635
0.7886,0.5328,0.5481,0.3503,1.0000,0.6974,0.5965,0.4247,0.4662
0.7170,0.5812,0.4975,0.5223,0.6974,1.0000,0.6398,0.4759,0.5285
0.6514,0.5351,0.3294,0.7774,0.5965,0.6398,1.0000,0.9116,0.8354
0.4239,0.4671,0.3152,0.8130,0.4247,0.4759,0.9116,1.0000,0.9055
0.4401,0.4175,0.2730,0.7635,0.4662,0.5285,0.8354,0.9055,1.0000
