1.0000,0.1240,0.7365,0.5186,0.4773,0.3787
0.1240,1.0000,0.2204,0.1361,0.1645,0.1415
0.7365,0.2204,1.0000,0.7294,0.5177,0.4238
0.5186,0.1361,0.7294,1.0000,0.4774,0.6301
0.4773,0.1645,0.5177,0.4774,1.0000,0.7995
0.3787,0.1415,0.4238,0.6301,0.7995,1.0000
