978.0000,978.0000,978.0000,978.0000,978.0007,978.0003,977.9972,978.0097,977.9969,978.0015,977.9988,977.9970,978.0054,978.0010,977.9971,978.0023,977.9938,978.0046,977.9970,977.9900,978.0105,977.9882,978.0217,977.9808,978.0117,977.9875,978.0041,978.0073,977.9987,977.9936,978.0093,977.9896,978.0085,977.9940,978.0097,977.9948,977.9965,978.0051,977.9933,978.0017,977.9955,978.0013,978.0083,977.9962,978.0044,977.9978,977.9970,978.0037,977.9953,977.9985,978.0039,977.9954,978.0034,978.0006,977.9983,978.0008,977.9975,978.0007,978.0016,978.0002,978.0013,977.9981,978.0001,977.9987,978.0010,978.0009,978.0003,977.9987,978.0008,978.0009,977.9993,977.9996,978.0004,977.9998,978.0016,977.9972,978.0019,977.9997,977.9990,978.0002,978.0001
978.0000,978.0000,978.0000,978.0000,978.0002,978.0001,977.9993,978.0025,977.9992,978.0004,977.9997,977.9993,978.0014,978.0003,977.9993,978.0006,977.9984,978.0012,977.9993,977.9975,978.0026,977.9970,978.0055,977.9951,978.0030,977.9968,978.0010,978.0018,977.9997,977.9984,978.0024,977.9974,978.0021,977.9985,978.0025,977.9987,977.9991,978.0013,977.9983,978.0004,977.9989,978.0003,978.0021,977.9990,978.0011,977.9995,977.9992,978.0009,977.9988,977.9996,978.0010,977.9988,978.0009,978.0002,977.9996,978.0002,977.9994,978.0002,978.0004,978.0001,978.0003,977.9995,978.0000,977.9997,978.0002,978.0002,978.0001,977.9997,978.0002,978.0002,977.9998,977.9999,978.0001,978.0000,978.0004,977.9993,978.0005,977.9999,977.9997,978.0000,978.0000
978.0000,978.0000,978.0000,977.9999,977.9979,977.9991,978.0084,977.9704,978.0094,977.9955,978.0038,978.0090,977.9835,977.9970,978.0089,977.9931,978.0189,977.9860,978.0090,978.0305,977.9681,978.0359,977.9337,978.0586,977.9642,978.0382,977.9876,977.9777,978.0038,978.0195,977.9716,978.0319,977.9741,978.0184,977.9705,978.0159,978.0107,977.9846,978.0203,977.9949,978.0138,977.9959,977.9748,978.0116,977.9864,978.0066,978.0092,977.9886,978.0144,978.0046,977.9881,978.0141,977.9896,977.9981,978.0051,977.9977,978.0078,977.9980,977.9950,977.9993,977.9962,978.0059,977.9997,978.0041,977.9970,977.9973,977.9990,978.0040,977.9975,977.9973,978.0022,978.0013,977.9987,978.0005,977.9951,978.0086,977.9943,978.0010,978.0031,977.9995,977.9996
978.0000,978.0000,977.9999,978.0020,978.0525,978.0234,977.7847,978.7605,977.7623,978.1186,977.9053,977.7707,978.4236,978.0826,977.7755,978.1788,977.5179,978.3611,977.7709,977.2205,978.8171,977.0821,979.6978,976.5040,978.9151,977.0228,978.3177,978.5700,977.9032,977.5024,978.7286,977.1873,978.6634,977.5295,978.7560,977.5952,977.7270,978.3942,977.4804,978.1303,977.6468,978.1062,978.6461,977.7057,978.3470,977.8340,977.7658,978.2928,977.6320,977.8824,978.3049,977.6409,978.2671,978.0502,977.8689,978.0588,977.8012,978.0514,978.1266,978.0173,978.0983,977.8495,978.0085,977.8951,978.0764,978.0679,978.0248,977.8975,978.0647,978.0682,977.9434,977.9674,978.0332,977.9862,978.1247,977.7807,978.1460,977.9754,977.9211,978.0124,978.0104
978.0007,978.0002,977.9979,978.0525,979.4301,979.5897,973.1074,1004.6917,977.9082,987.8507,979.0996,973.7666,992.3444,987.3383,976.7576,985.5640,968.8940,991.0574,973.9148,958.5466,1000.3760,955.7041,1023.7759,942.6511,1002.4091,953.9770,988.7293,993.7154,978.0094,965.6717,1000.3831,959.9277,997.3482,966.5314,999.0775,969.7229,971.4119,988.5605,965.3418,982.0168,970.2327,983.2884,995.2292,971.9642,987.7453,976.4589,972.8533,986.8716,969.0416,975.3346,986.5826,969.0667,986.0393,980.1113,974.7845,979.7209,972.9208,979.7111,981.3071,978.5100,980.7165,974.2225,978.2775,975.3820,980.0758,979.7866,978.7148,975.3587,979.7189,979.8274,976.6652,977.2087,978.8958,977.6766,981.3236,972.4818,981.8375,977.4877,975.9789,978.3224,978.2697
978.0003,978.0001,977.9991,978.0234,979.5897,994.4856,986.9124,1054.4177,983.3805,987.7277,981.2781,980.8405,994.1761,984.9906,979.9006,983.6369,982.9841,986.4748,978.0526,971.6015,993.9373,971.7101,999.1295,965.3283,995.0456,976.9694,984.0316,993.5576,980.6663,975.6637,993.8376,974.4624,987.6213,976.0809,989.9668,975.3333,975.5606,983.4654,973.9546,980.8806,977.7450,988.0158,988.2572,976.0976,985.7193,978.3650,979.3089,982.8631,975.7137,978.9854,982.3004,974.6098,982.4207,979.3690,976.9251,978.8557,975.8645,979.2149,979.7907,978.2767,979.3338,976.4902,978.2077,977.0972,979.1889,979.0821,978.3801,976.8572,979.0648,978.8750,977.5304,978.1635,978.5629,977.8843,979.5438,976.1429,980.4037,978.0075,977.2310,978.1457,978.1247
977.9972,977.9993,978.0084,977.7847,973.1074,986.9124,1068.2483,961.5176,1053.1095,1009.7862,1011.6804,1014.2127,955.8955,1018.1118,1032.6270,978.1539,1054.5762,962.9087,1014.9489,1068.1533,900.9621,1088.2021,819.2384,1171.8143,890.3112,1093.0380,961.8057,924.9638,1004.8971,1036.0806,924.1602,1087.5504,923.6258,1033.6184,909.1470,1037.0630,1010.3008,938.9825,1040.3825,968.3772,1024.9979,982.7944,914.4064,1020.5294,947.6246,1014.6226,1008.8938,955.1767,1021.8979,993.5787,950.3295,1018.8743,957.0596,977.9155,993.0617,973.0686,999.6121,975.0092,964.9217,976.5796,968.6971,994.8328,977.4495,989.7515,970.5248,971.0515,975.8437,988.9605,971.4822,971.2193,984.8742,981.8981,974.7616,979.6766,965.4508,1002.5047,963.1638,981.5118,986.5274,976.6914,976.9081
978.0097,978.0025,977.9704,978.7605,1004.6917,1054.4177,961.5176,6314.9930,4630.5141,6279.3572,3149.0741,1495.5201,2798.6527,7775.8714,3939.2653,2747.0000,2033.8165,3895.5288,1765.4074,841.0161,1726.0053,1001.1464,2588.7591,1296.5770,1441.0593,799.3119,2588.5648,1450.8610,2339.2839,909.0395,3744.8491,1696.8155,2641.6331,981.5047,2022.7306,1814.3474,1054.4543,1278.7486,1018.5830,1295.1556,1345.8488,2022.5321,1378.4407,1552.6842,1374.5219,2381.1855,1160.2386,1784.3620,1015.1136,1032.4120,1426.7331,956.5569,1638.1861,1389.8384,990.6356,1088.2672,922.0342,1155.7475,1030.2504,1010.9918,1089.8569,962.9077,1004.0052,970.6477,1043.7820,1009.7992,1018.0439,941.2278,1013.9349,1030.3293,1008.7255,974.5694,1002.9773,986.5868,1067.6723,938.2446,1040.2162,1015.4985,952.3408,983.1565,982.3788
977.9969,977.9992,978.0094,977.7623,977.9082,983.3805,1053.1095,4630.5141,27044.3402,32376.3554,9193.7231,3137.0332,6294.3418,39793.7042,14977.1026,6717.8986,7225.6614,9072.6444,3801.2795,1514.1039,1559.8044,2505.3758,1645.1400,7130.8432,892.5059,1482.6076,5295.2831,1197.8646,5378.3303,1313.0823,6740.9628,6499.6793,3952.4584,1545.5787,2375.7201,4915.2611,1505.9208,1209.8389,1796.4057,1642.1033,2627.8349,4534.1056,1109.7663,3408.8309,1497.2073,6640.3729,1855.7345,2580.7475,1497.4297,1233.8608,1690.6472,1338.4833,2337.1853,1956.0997,1152.3339,1180.7706,1042.2982,1369.3464,968.1991,1037.6906,1140.0818,1099.2072,1031.2735,1069.2385,1053.3337,981.3210,1046.8016,991.8353,994.5583,1029.5075,1114.2218,997.9875,1000.6442,1012.5515,1058.6064,1108.0601,967.1436,1093.7333,994.2472,977.6890,977.8766
978.0015,978.0004,977.9955,978.1186,987.8507,987.7277,1009.7862,6279.3572,32376.3554,47361.3914,11407.3969,3382.8774,8458.7281,55780.7252,18729.1272,8610.8525,7839.4989,12330.2111,4182.1798,1379.3778,1969.3295,2337.9062,2445.4264,6546.7484,1051.9463,1283.3249,6634.6899,1384.2140,6310.7048,1247.1639,9701.6765,6663.8627,5164.1026,1508.9384,3079.5364,5371.3329,1511.4176,1350.1197,1764.8822,1808.4755,2728.6480,5571.7487,1279.4618,3699.6241,1686.4454,7811.6405,1928.2336,3092.9361,1482.0711,1242.7391,1931.3882,1305.2039,2749.0378,2161.0638,1150.6527,1227.2790,1011.9275,1449.7213,991.0852,1050.3782,1188.7996,1085.8525,1041.3617,1061.3762,1081.6391,994.9678,1062.7947,974.0163,1009.8901,1051.4067,1123.2766,994.3796,1010.6171,1015.0673,1097.8447,1081.0211,993.6550,1106.8920,981.3025,980.0449,979.8650
977.9988,977.9997,978.0038,977.9053,979.0996,981.2781,1011.6804,3149.0741,9193.7231,11407.3969,4671.7549,2029.8023,3477.5430,13608.5722,6598.7543,3669.2282,3527.7736,4716.3580,2390.7549,1251.0081,1345.8366,1719.8079,1433.9027,3478.1859,945.5937,1224.0844,3055.7409,1138.5608,3141.7860,1162.7711,3871.7807,3316.2473,2533.6731,1289.6313,1777.7994,2837.0938,1271.5274,1130.5222,1416.5096,1359.7240,1822.4676,2672.7190,1071.6901,2197.3355,1277.1209,3565.6813,1445.7931,1879.4768,1270.3296,1121.3567,1398.4850,1175.9280,1736.3996,1534.9061,1077.7001,1100.3664,1011.6084,1207.0566,975.0255,1014.5620,1077.6247,1046.4157,1010.3808,1029.6829,1025.4582,981.5771,1020.3638,983.8567,989.5012,1011.0586,1057.8332,989.0508,992.6715,998.5259,1029.8499,1049.0106,974.8988,1046.9094,985.9166,978.1159,978.1799
977.9970,977.9993,978.0090,977.7707,973.7666,980.8405,1014.2127,1495.5201,3137.0332,3382.8774,2029.8023,1399.8612,1704.4991,3637.1878,2483.0090,1774.6505,1922.6367,1960.1205,1488.6184,1170.7115,1037.1444,1373.6113,979.5869,2051.2694,884.8862,1185.3238,1608.4221,982.5747,1662.5443,1099.9114,1702.7385,1890.5784,1409.9941,1146.8454,1183.4697,1650.6387,1120.1176,998.3476,1200.9665,1110.8142,1333.6256,1557.7173,956.3160,1442.9234,1063.8300,1809.1047,1186.6622,1259.0014,1126.6553,1048.3354,1104.1568,1092.4697,1222.2299,1176.7689,1030.4290,1020.2992,1010.5476,1062.1679,965.0523,990.8485,1007.7288,1019.7767,990.0840,1008.8499,989.5760,973.1484,992.3559,990.0812,976.6041,984.5883,1015.1068,985.7129,980.6849,987.5041,986.6911,1027.9931,963.2606,1007.5857,988.6667,976.8747,977.0933
978.0054,978.0014,977.9835,978.4236,992.3444,994.1761,955.8955,2798.6527,6294.3418,8458.7281,3477.5430,1704.4991,3324.3476,9246.9364,4515.9469,3132.1906,2590.0171,3925.1127,1896.3579,984.3177,1584.6146,1235.8831,2061.6815,1959.7641,1202.5498,916.6059,2722.3122,1277.1855,2454.3462,994.5765,3750.9419,2217.1979,2513.6585,1094.5945,1963.6172,2121.7237,1126.3283,1214.6164,1166.8038,1327.6317,1477.3415,2410.2342,1239.5719,1768.1447,1332.0397,2746.5204,1284.0963,1795.4475,1103.3323,1060.9990,1414.9141,1038.4318,1681.9832,1423.1192,1023.7816,1090.9376,955.8938,1176.1786,1007.3693,1011.2552,1083.8494,994.3532,1006.0444,992.9754,1035.9572,997.8958,1017.9682,957.6885,1003.6585,1021.4326,1026.9380,979.1002,997.8821,990.8838,1051.7829,979.9383,1012.4177,1026.8342,965.0306,981.1497,980.6981
978.0010,978.0003,977.9970,978.0826,987.3383,984.9906,1018.1118,7775.8714,39793.7042,55780.7252,13608.5722,3637.1878,9246.9364,72083.4905,22991.9604,9740.0830,8787.1210,14571.3503,4705.6171,1430.3828,1999.0724,2505.6779,2506.0388,7496.0747,1035.5853,1338.4752,7500.7956,1413.9077,7339.3568,1284.3686,11108.6399,7560.3873,5756.4150,1568.0140,3232.8005,6091.3867,1572.6845,1372.5768,1854.5538,1873.4671,2960.3489,5909.9247,1284.7074,4070.4813,1726.4078,8997.0285,2003.7031,3334.4365,1544.4209,1266.5534,2011.7421,1341.7589,2921.7758,2293.5133,1167.8433,1247.9043,1019.3118,1488.6259,989.2134,1056.4529,1204.3600,1098.5173,1046.4191,1070.4279,1088.1354,994.7341,1069.6590,975.9963,1010.8021,1056.4345,1137.0348,996.2658,1012.8667,1018.5315,1104.9173,1093.9030,991.5011,1118.4528,983.3958,979.9368,979.7891
977.9971,977.9993,978.0089,977.7755,976.7576,979.9006,1032.6270,3939.2653,14977.1026,18729.1272,6598.7543,2483.0090,4515.9469,22991.9604,10026.5441,4895.3503,4923.5125,6516.8423,3018.7001,1398.2232,1403.3166,2102.0900,1450.1514,5088.3833,892.7929,1375.9466,3931.9679,1151.1036,4138.7270,1252.3115,5019.6515,4641.2253,3077.7882,1425.4719,1987.2924,3742.1732,1389.3826,1154.0560,1609.3884,1478.3039,2188.5822,3385.7450,1065.4744,2733.1196,1353.6662,4844.3265,1628.4767,2180.7969,1391.3888,1174.8405,1516.3085,1263.1329,1984.7883,1726.0422,1116.3598,1135.4405,1032.3188,1277.9947,967.8443,1024.8695,1103.0908,1075.8534,1019.8242,1051.2694,1035.8823,979.2601,1032.0010,990.7899,989.7001,1017.6047,1085.7831,994.0419,995.4243,1005.5001,1039.1296,1083.1807,966.6656,1069.4512,992.2826,977.5320,977.7170
978.0023,978.0006,977.9931,978.1788,985.5640,983.6369,978.1539,2747.0000,6717.8986,8610.8525,3669.2282,1774.6505,3132.1906,9740.0830,4895.3503,3127.5834,2798.8017,3929.7484,2013.8223,1087.2924,1429.4881,1400.6225,1685.4939,2403.7202,1070.6631,1037.4290,2697.6291,1191.4781,2584.2372,1058.6632,3499.5258,2516.0610,2387.2775,1161.0448,1798.9930,2295.7018,1174.2092,1160.9822,1249.2944,1313.6973,1575.8320,2383.4131,1147.6826,1870.6542,1282.1117,2894.5778,1324.3452,1761.3436,1159.2472,1079.6154,1373.9993,1089.0339,1646.3959,1434.2631,1042.4593,1086.7210,980.1643,1174.1615,991.6704,1010.2862,1073.6124,1014.4330,1005.8341,1006.9472,1027.3564,989.6187,1016.1023,969.8784,995.8633,1014.0381,1036.1371,982.9996,994.2736,993.1434,1037.3628,1007.7631,994.0463,1031.5114,974.5147,979.6682,979.4621
977.9938,977.9984,978.0189,977.5179,968.8940,982.9841,1054.5762,2033.8165,7225.6614,7839.4989,3527.7736,1922.6367,2590.0171,8787.1210,4923.5125,2798.8017,3356.3396,3251.7577,2129.4062,1407.4673,1073.0755,1903.7782,941.1409,3908.2330,791.7685,1449.5328,2370.2747,974.1410,2542.1466,1238.8777,2523.8391,3299.8832,1863.8575,1340.9305,1367.4574,2561.1446,1277.9408,1009.9848,1464.8635,1244.6131,1767.4823,2271.4776,926.3657,2023.2577,1144.1424,2948.2621,1423.3371,1549.6055,1293.0970,1122.8460,1223.8848,1220.8425,1474.0873,1386.0253,1085.6436,1061.1369,1046.3096,1146.4118,950.8145,1003.1401,1035.1835,1064.2467,1001.7702,1041.3259,999.5916,967.4782,1005.9611,1003.5172,974.3036,989.9054,1053.0165,993.7846,982.7732,997.0235,993.1209,1082.4775,947.0345,1037.2041,1000.3273,975.5991,976.0599
978.0046,978.0012,977.9860,978.3611,991.0574,986.4748,962.9087,3895.5288,9072.6444,12330.2111,4716.3580,1960.1205,3925.1127,14571.3503,6516.8423,3929.7484,3251.7577,5303.9557,2317.9594,1051.9218,1637.1321,1412.3976,2139.7202,2532.4980,1166.7402,983.3558,3371.3934,1303.4639,3152.1267,1041.1902,4700.1410,2826.9151,3018.9351,1164.5269,2145.1022,2646.9460,1202.5479,1242.8596,1267.8298,1413.1296,1706.8493,2803.3476,1247.4243,2092.8616,1394.0399,3528.3927,1383.0473,2042.6663,1174.2756,1095.5371,1514.0637,1087.7253,1872.5055,1571.1444,1048.3447,1119.0376,967.1333,1228.2968,1003.8695,1019.6850,1105.3087,1012.5474,1013.2924,1006.4840,1045.0739,997.1810,1027.4436,961.0118,1004.7239,1028.0786,1046.3506,981.9348,1000.7328,995.9349,1061.4554,999.1341,1008.2159,1042.9106,968.3390,980.9284,980.5324
977.9970,977.9993,978.0090,977.7709,973.9148,978.0526,1014.9489,1765.4074,3801.2795,4182.1798,2390.7549,1488.6184,1896.3579,4705.6171,3018.7001,2013.8223,2129.4062,2317.9594,1631.5491,1192.1974,1068.7271,1438.8468,1023.8561,2279.5558,884.5571,1203.2646,1799.0571,1000.6080,1885.1161,1115.5832,1964.0811,2099.7489,1558.7876,1173.6488,1253.2056,1830.0134,1148.1224,1014.6352,1240.1241,1145.9030,1414.7136,1687.8920,966.9604,1558.5669,1090.3131,2052.9870,1224.9200,1347.3539,1154.0077,1060.7578,1144.8127,1109.6849,1293.1776,1232.6258,1039.3112,1032.4929,1012.8900,1083.8612,965.2739,994.5699,1017.7784,1025.7145,993.2616,1013.2770,994.4292,973.7387,996.6589,990.1680,977.9187,988.2100,1022.5922,986.4884,982.3023,989.4530,992.2790,1033.5813,963.4823,1014.1328,989.0549,976.9448,977.1598
977.9900,977.9975,978.0305,977.2205,958.5466,971.6015,1068.1533,841.0161,1514.1039,1379.3778,1251.0081,1170.7115,984.3177,1430.3828,1398.2232,1087.2924,1407.4673,1051.9218,1192.1974,1360.2273,739.3368,1493.0780,529.4288,2065.8588,684.1342,1466.6220,1002.5877,797.0323,1175.9789,1208.3890,883.4684,1577.3004,851.8274,1209.8129,783.5959,1309.0989,1118.7996,852.3490,1246.6702,964.8259,1207.9178,1072.1764,769.2625,1209.4653,881.6410,1236.0712,1120.6252,942.2553,1160.1135,1039.3345,904.3377,1146.7068,942.8851,1008.9375,1039.6329,967.9296,1060.1075,980.8586,930.8742,975.1526,951.0664,1044.1660,978.0754,1024.1553,954.1551,952.9962,972.8802,1018.2863,954.9532,955.7304,1007.9777,991.6900,966.9793,985.3640,936.8687,1072.8055,923.9421,994.4083,1009.2376,973.3114,974.0890
978.0105,978.0026,977.9681,978.8171,1000.3760,993.9373,900.9621,1726.0053,1559.8044,1969.3295,1345.8366,1037.1444,1584.6146,1999.0724,1403.3166,1429.4881,1073.0755,1637.1321,1068.7271,739.3368,1475.9155,745.3819,2157.4865,692.9187,1431.2559,678.2222,1436.6300,1282.0310,1206.9746,820.7467,1829.4494,912.8546,1582.8837,847.7767,1525.3126,1037.4786,916.2754,1186.3832,845.8160,1102.6514,955.4024,1289.0579,1306.2246,1023.2721,1193.3823,1218.1518,960.2331,1264.4849,881.0801,955.7480,1192.6132,870.9531,1230.6730,1090.8538,942.5450,1024.6017,905.2375,1040.3943,1031.0121,991.7135,1037.7654,929.5834,987.3874,944.8089,1018.8669,1007.0652,995.9303,937.8193,1007.2376,1012.5183,968.9321,966.8751,994.4447,976.0218,1040.4105,903.7531,1039.5709,980.2494,947.5527,983.1372,982.3073
977.9882,977.9970,978.0359,977.0821,955.7041,971.7101,1088.2021,1001.1464,2505.3758,2337.9062,1719.8079,1373.6113,1235.8831,2505.6779,2102.0900,1400.6225,1903.7782,1412.3976,1438.8468,1493.0780,745.3819,1762.2331,512.1898,2931.7522,643.0611,1625.2416,1236.5142,789.2977,1484.8605,1283.5245,1104.6819,2133.6765,986.0457,1307.6171,837.7855,1656.7404,1193.2606,853.2633,1376.2217,1016.7719,1392.7793,1306.9234,752.2155,1440.3924,908.1416,1619.2565,1223.5001,1045.4081,1242.1656,1073.5127,947.4233,1211.5291,1032.9469,1092.5233,1066.1471,984.7483,1079.4691,1015.5183,923.1845,980.3672,961.6300,1066.4135,983.1281,1040.1705,957.5680,949.6596,978.5706,1025.7867,953.1268,957.2423,1025.5209,995.6778,967.4954,989.7767,938.1681,1100.9347,915.1980,1007.7958,1015.5637,972.5879,973.4984
978.0217,978.0055,977.9337,979.6978,1023.7759,999.1295,819.2384,2588.7591,1645.1400,2445.4264,1433.9027,979.5869,2061.6815,2506.0388,1450.1514,1685.4939,941.1409,2139.7202,1023.8561,529.4288,2157.4865,512.1898,4704.2245,385.8329,2142.8815,443.2775,1786.6325,1662.3257,1250.1520,663.0359,2760.9553,688.5322,2266.9979,697.4791,2213.3636,929.3840,824.2387,1425.9659,685.2976,1191.3342,849.1168,1434.0466,1750.5588,945.2080,1414.7135,1233.6427,884.0855,1500.4666,758.8199,913.6557,1395.9084,749.9756,1435.8324,1147.0471,893.9623,1059.1609,830.0429,1077.7503,1090.5799,1001.5458,1090.4405,872.6096,992.9969,904.2526,1056.9758,1038.1182,1009.4965,896.2385,1037.3195,1045.8229,949.0803,953.3639,1010.0991,971.2043,1103.1898,822.7284,1109.0054,973.3426,915.1952,988.6025,986.8728
977.9808,977.9951,978.0586,976.5040,942.6511,965.3283,1171.8143,1296.5770,7130.8432,6546.7484,3478.1859,2051.2694,1959.7641,7496.0747,5088.3833,2403.7202,3908.2330,2532.4980,2279.5558,2065.8588,692.9187,2931.7522,385.8329,7818.2160,494.4072,2344.7505,1890.3158,721.6686,2537.6086,1586.3106,1655.5770,4626.6239,1260.0462,1683.7955,898.4412,2977.4436,1447.5202,818.9461,1876.0344,1142.2124,2033.3002,2020.3023,659.2860,2249.7605,937.1439,3008.2889,1564.2967,1293.7394,1543.1783,1180.5427,1026.7920,1452.6442,1247.4021,1319.9164,1154.7513,1022.7202,1156.6204,1102.9806,890.9133,992.1829,978.8052,1145.4403,995.5416,1095.5856,958.5074,933.9727,990.9081,1057.4115,941.6496,954.0197,1079.2849,1009.6414,965.3049,1002.9163,928.7514,1206.3019,878.4930,1046.4303,1041.1957,969.3849,970.8554
978.0117,978.0030,977.9642,978.9151,1002.4091,995.0456,890.3112,1441.0593,892.5059,1051.9463,945.5937,884.8862,1202.5498,1035.5853,892.7929,1070.6631,791.7685,1166.7402,884.5571,684.1342,1431.2559,643.0611,2142.8815,494.4072,1495.8370,626.5026,1139.8307,1277.9280,942.0667,779.3597,1382.4626,677.8870,1335.0484,789.4026,1391.1741,816.2249,863.4595,1173.9988,771.5092,1040.5098,834.5544,1035.7287,1319.3300,857.5075,1151.0440,912.6189,880.8446,1123.1784,827.0251,927.9589,1127.5569,829.6146,1109.4415,1003.0656,921.1575,1005.3871,892.5384,1002.5470,1036.9554,986.0006,1023.8112,912.7521,982.0116,932.1250,1013.3833,1009.2338,989.4562,932.9181,1007.8176,1009.4155,953.1506,963.7059,993.2222,971.8891,1036.0882,884.4636,1046.4594,967.3796,943.1736,983.6164,982.6931
977.9875,977.9968,978.0382,977.0228,953.9770,976.9694,1093.0380,799.3119,1482.6076,1283.3249,1224.0844,1185.3238,916.6059,1338.4752,1375.9466,1037.4290,1449.5328,983.3558,1203.2646,1466.6220,678.2222,1625.2416,443.2775,2344.7505,626.5026,1622.2383,950.8998,754.1238,1164.0556,1268.3122,796.6443,1677.4059,783.7716,1263.6053,718.0348,1337.4130,1145.3669,817.4256,1305.2301,946.8983,1241.6352,1040.5805,721.0095,1227.7422,849.3246,1225.5041,1140.7305,903.9387,1199.0963,1050.6224,871.4739,1185.3416,908.0647,996.2566,1051.8442,960.3689,1080.9557,972.3920,919.3109,972.9103,940.2182,1058.9604,976.7465,1034.2578,946.2078,946.6155,969.8020,1028.7423,948.7286,948.7262,1012.4509,995.0445,963.6205,986.4108,924.4372,1095.7493,910.8751,995.8197,1017.2058,972.0969,973.0734
978.0041,978.0010,977.9876,978.3177,988.7293,984.0316,961.8057,2588.5648,5295.2831,6634.6899,3055.7409,1608.4221,2722.3122,7500.7956,3931.9679,2697.6291,2370.2747,3371.3934,1799.0571,1002.5877,1436.6300,1236.5142,1786.6325,1890.3158,1139.8307,950.8998,2429.3470,1208.6352,2253.9846,1000.6832,3086.6240,2095.4746,2239.6911,1083.1787,1744.5395,1984.3644,1117.2152,1167.1347,1149.4575,1268.2593,1439.3001,2114.3147,1183.2552,1669.0480,1269.0485,2476.7617,1238.9130,1653.2655,1092.4486,1053.9338,1337.4780,1038.6482,1556.5452,1360.7078,1020.4629,1074.2104,963.4764,1146.0029,1000.1126,1006.6071,1066.6334,995.7348,1002.0221,993.4378,1025.7548,993.4366,1012.0095,962.8120,998.3988,1014.0773,1021.7535,979.5130,994.4578,989.5697,1038.5357,984.5081,1003.7198,1020.5083,968.5945,980.4279,980.0862
978.0073,978.0018,977.9777,978.5700,993.7154,993.5576,924.9638,1450.8610,1197.8646,1384.2140,1138.5608,982.5747,1277.1855,1413.9077,1151.1036,1191.4781,974.1410,1303.4639,1000.6080,797.0323,1282.0310,789.2977,1662.3257,721.6686,1277.9280,754.1238,1208.6352,1177.0785,1077.6144,860.6984,1418.4190,876.2474,1307.9106,875.7884,1292.6871,969.3235,924.4191,1111.4273,869.9243,1046.8088,936.2566,1120.5741,1191.2160,971.6315,1109.6245,1070.5489,948.0014,1135.3224,900.2781,957.2430,1104.2575,895.2791,1116.6178,1034.7058,949.3556,1004.9843,925.7074,1011.3499,1014.6645,985.9925,1014.8068,941.5157,983.1534,952.8294,1004.1562,997.9843,988.6517,949.7593,997.7519,1000.4378,968.4770,969.9816,988.8282,975.7825,1018.5906,923.2692,1020.6341,976.7937,956.5293,981.5520,980.9762
977.9987,977.9997,978.0038,977.9032,978.0094,980.6663,1004.8971,2339.2839,5378.3303,6310.7048,3141.7860,1662.5443,2454.3462,7339.3568,4138.7270,2584.2372,2542.1466,3152.1267,1885.1161,1175.9789,1206.9746,1484.8605,1250.1520,2537.6086,942.0667,1164.0556,2253.9846,1077.6144,2316.9203,1111.0627,2672.3722,2435.3252,1945.5122,1194.1237,1480.9143,2147.5171,1181.2129,1074.9493,1278.2927,1230.3969,1540.8141,2025.9883,1032.4550,1764.8306,1174.2724,2550.4495,1292.3050,1556.3042,1180.3682,1078.1863,1252.7593,1118.0151,1467.3867,1346.4552,1048.1258,1060.5241,1004.2043,1131.9035,974.0099,1002.8706,1044.4325,1027.2097,1000.0893,1015.0991,1009.2783,979.4294,1006.6707,983.6333,984.9042,999.6675,1033.4984,986.1443,987.6001,992.3345,1011.5747,1030.0883,973.6305,1025.4945,984.6862,977.8868,977.9630
977.9936,977.9984,978.0195,977.5024,965.6717,975.6637,1036.0806,909.0395,1313.0823,1247.1639,1162.7711,1099.9114,994.5765,1284.3686,1252.3115,1058.6632,1238.8777,1041.1902,1115.5832,1208.3890,820.7467,1283.5245,663.0359,1586.3106,779.3597,1268.3122,1000.6832,860.6984,1111.0627,1121.2197,932.1983,1333.3176,901.2977,1122.6531,852.7431,1185.6236,1066.8923,896.8290,1144.5382,971.4009,1121.7190,1043.1649,839.5893,1125.0505,916.4642,1146.2561,1069.0125,959.7345,1092.7476,1017.4220,932.3698,1083.5141,959.0240,1000.3938,1017.3931,972.1479,1029.7783,980.9062,947.7126,976.3626,961.2238,1020.0565,978.2157,1007.4541,962.9979,962.0308,974.9565,1003.5338,963.3315,963.9095,997.4134,986.8258,971.0561,982.7891,951.8173,1037.8466,943.2621,988.8253,997.8641,975.0087,975.5058
978.0093,978.0024,977.9716,978.7286,1000.3831,993.8376,924.1602,3744.8491,6740.9628,9701.6765,3871.7807,1702.7385,3750.9419,11108.6399,5019.6515,3499.5258,2523.8391,4700.1410,1964.0811,883.4684,1829.4494,1104.6819,2760.9553,1655.5770,1382.4626,796.6443,3086.6240,1418.4190,2672.3722,932.1983,4651.7486,2082.5365,2996.6420,1035.6165,2287.7612,2145.1199,1101.2219,1307.5166,1101.9644,1384.0103,1460.5702,2542.7470,1379.1324,1784.0080,1425.3948,2923.5698,1261.3053,1979.2566,1063.2910,1050.5116,1523.4658,994.1194,1824.3484,1488.2726,1009.9852,1111.3220,928.9017,1203.4303,1027.2794,1017.1199,1109.0293,976.1152,1009.9604,980.4016,1052.2324,1008.7843,1025.5323,942.8170,1014.6892,1035.3838,1024.0037,974.7245,1004.3963,990.3773,1076.9744,951.2434,1035.4704,1028.2921,953.7309,983.0797,982.3166
977.9896,977.9974,978.0319,977.1873,959.9277,974.4624,1087.5504,1696.8155,6499.6793,6663.8627,3316.2473,1890.5784,2217.1979,7560.3873,4641.2253,2516.0610,3299.8832,2826.9151,2099.7489,1577.3004,912.8546,2133.6765,688.5322,4626.6239,677.8870,1677.4059,2095.4746,876.2474,2435.3252,1333.3176,2082.5365,3485.1712,1574.5071,1425.8343,1155.9105,2573.5631,1315.6747,936.2178,1560.8258,1190.2902,1800.3418,2073.3783,823.6002,2021.1561,1054.8808,2814.1397,1437.4732,1420.9036,1354.6029,1133.4500,1136.0804,1281.3632,1358.8965,1337.8788,1102.7496,1042.5509,1079.7808,1120.4099,930.6654,997.8253,1011.5785,1086.8719,998.1590,1056.2561,983.5688,956.0499,999.0107,1020.7155,962.7755,976.4305,1057.6671,998.3252,976.2936,997.9879,969.0187,1117.8694,923.8356,1036.8661,1013.2424,973.5370,974.3292
978.0085,978.0021,977.9741,978.6634,997.3482,987.6213,923.6258,2641.6331,3952.4584,5164.1026,2533.6731,1409.9941,2513.6585,5756.4150,3077.7882,2387.2775,1863.8575,3018.9351,1558.7876,851.8274,1582.8837,986.0457,2266.9979,1260.0462,1335.0484,783.7716,2239.6911,1307.9106,1945.5122,901.2977,2996.6420,1574.5071,2241.7017,967.0870,1840.2714,1634.5513,1032.7392,1225.1108,1005.9211,1243.7977,1255.5221,1899.0117,1303.2152,1440.4220,1299.2856,2073.8047,1132.3873,1607.7882,994.7529,1015.0598,1347.1166,955.2767,1518.2618,1299.7883,986.0319,1068.9707,927.8661,1125.6943,1022.0118,1004.9071,1071.2675,962.6169,999.3443,969.7036,1032.8286,1004.3569,1010.8707,945.6669,1007.8087,1021.5256,1002.1154,972.7606,998.1785,984.6931,1053.6412,940.4271,1029.0753,1007.6638,954.8805,982.4616,981.7745
977.9940,977.9985,978.0184,977.5295,966.5314,976.0809,1033.6184,981.5047,1545.5787,1508.9384,1289.6313,1146.8454,1094.5945,1568.0140,1425.4719,1161.0448,1340.9305,1164.5269,1173.6488,1209.8129,847.7767,1307.6171,697.4791,1683.7955,789.4026,1263.6053,1083.1787,875.7884,1194.1237,1122.6531,1035.6165,1425.8343,967.0870,1131.8920,896.0491,1260.3279,1077.8364,909.8834,1159.5432,992.3118,1156.9516,1117.7215,852.7368,1177.0277,935.9899,1244.9999,1090.0339,1003.0457,1102.2946,1023.0662,956.6425,1088.3535,997.1747,1027.5787,1020.6610,979.3867,1028.3332,993.4491,949.4943,978.5593,967.8937,1021.3161,980.0741,1008.5596,966.6820,963.2750,977.5790,1002.1877,964.9510,966.6926,1000.7684,986.8919,972.3423,983.6659,956.4225,1038.1327,945.3163,992.0998,997.0156,975.2110,975.6793
978.0097,978.0025,977.9705,978.7560,999.0775,989.9668,909.1470,2022.7306,2375.7201,3079.5364,1777.7994,1183.4697,1963.6172,3232.8005,1987.2924,1798.9930,1367.4574,2145.1022,1253.2056,783.5959,1525.3126,837.7855,2213.3636,898.4412,1391.1741,718.0348,1744.5395,1292.6871,1480.9143,852.7431,2287.7612,1155.9105,1840.2714,896.0491,1660.1591,1261.7626,962.6620,1203.3201,910.0374,1161.2939,1070.4820,1535.3305,1305.7137,1184.7675,1237.6119,1537.6775,1030.5793,1402.6808,926.8203,979.4940,1256.8763,904.9602,1348.2614,1174.4984,960.3163,1042.9517,914.3182,1075.6767,1027.3974,997.1538,1051.7812,943.0072,992.3505,954.9462,1024.7856,1005.9992,1002.1307,940.9347,1007.5458,1016.2971,982.5476,969.2195,995.9920,979.5844,1046.0748,918.5808,1035.3255,991.5602,950.4705,982.8724,982.0988
977.9948,977.9987,978.0159,977.5952,969.7229,975.3333,1037.0630,1814.3474,4915.2611,5371.3329,2837.0938,1650.6387,2121.7237,6091.3867,3742.1732,2295.7018,2561.1446,2646.9460,1830.0134,1309.0989,1037.4786,1656.7404,929.3840,2977.4436,816.2249,1337.4130,1984.3644,969.3235,2147.5171,1185.6236,2145.1199,2573.5631,1634.5513,1260.3279,1261.7626,2126.4318,1209.8084,998.2945,1351.7284,1177.8538,1560.8209,1882.7412,925.9886,1748.2951,1092.7471,2394.6414,1308.4572,1413.7216,1225.7611,1088.1327,1162.7725,1168.0008,1350.1825,1290.5091,1062.5666,1041.4113,1033.7572,1105.8344,954.8155,997.2919,1020.8155,1046.7447,996.2834,1028.2450,993.5515,968.6528,999.4302,999.3116,973.9814,986.3305,1036.7333,990.4145,981.2270,992.9487,987.9008,1061.1799,951.4666,1024.1917,996.4614,975.9503,976.3375
977.9965,977.9991,978.0107,977.7270,971.4119,975.5606,1010.3008,1054.4543,1505.9208,1511.4176,1271.5274,1120.1176,1126.3283,1572.6845,1389.3826,1174.2092,1277.9408,1202.5479,1148.1224,1118.7996,916.2754,1193.2606,824.2387,1447.5202,863.4595,1145.3669,1117.2152,924.4191,1181.2129,1066.8923,1101.2219,1315.6747,1032.7392,1077.8364,962.6620,1209.8084,1048.8513,945.6423,1099.1684,1004.0990,1118.0814,1123.3983,909.0534,1141.9797,968.2924,1222.1537,1062.8582,1030.6489,1061.1688,1010.8436,985.1019,1049.6242,1022.1065,1032.0913,1007.1684,984.9545,1008.1161,998.0280,961.4713,980.2037,977.2184,1005.9728,980.8340,997.9600,973.8985,969.7415,979.9149,992.0116,971.1017,973.2316,994.9892,983.5789,975.5118,982.2867,968.2668,1015.4761,959.0036,989.4748,989.1862,976.4158,976.6861
978.0051,978.0013,977.9846,978.3942,988.5605,983.4654,938.9825,1278.7486,1209.8389,1350.1197,1130.5222,998.3476,1214.6164,1372.5768,1154.0560,1160.9822,1009.9848,1242.8596,1014.6352,852.3490,1186.3832,853.2633,1425.9659,818.9461,1173.9988,817.4256,1167.1347,1111.4273,1074.9493,896.8290,1307.5166,936.2178,1225.1108,909.8834,1203.3201,998.2945,945.6423,1071.7658,908.3456,1032.5860,962.1405,1103.0261,1122.9421,992.7904,1073.0980,1077.1952,964.6772,1100.6608,927.5781,965.6705,1072.4057,923.1781,1086.4983,1027.0100,959.8270,999.1095,941.9510,1005.4845,1003.1520,984.2648,1005.4286,953.7587,982.2048,961.3748,996.9823,991.8133,986.2147,958.3856,991.8137,994.1849,972.9072,972.4469,985.7393,976.8631,1007.0915,940.7957,1007.0947,978.4300,963.1309,980.4691,980.0696
977.9933,977.9983,978.0203,977.4804,965.3418,973.9546,1040.3825,1018.5830,1796.4057,1764.8822,1416.5096,1200.9665,1166.8038,1854.5538,1609.3884,1249.2944,1464.8635,1267.8298,1240.1241,1246.6702,845.8160,1376.2217,685.2976,1876.0344,771.5092,1305.2301,1149.4575,869.9243,1278.2927,1144.5382,1101.9644,1560.8258,1005.9211,1159.5432,910.0374,1351.7284,1099.1684,908.3456,1195.7495,1006.5608,1206.3972,1182.0768,844.2772,1239.4714,941.8290,1347.9791,1118.4127,1032.1040,1125.8926,1032.7870,968.0310,1107.4036,1022.3775,1051.0070,1028.6154,983.9054,1034.6368,1003.0241,946.6253,979.9520,970.4560,1028.2013,981.4580,1013.5038,967.2671,961.9528,979.0750,1004.7853,964.0784,966.7931,1005.9575,988.1069,972.3082,984.9783,956.2011,1046.8497,942.0020,995.9800,999.1608,974.9446,975.4604
978.0017,978.0004,977.9949,978.1303,982.0168,980.8806,968.3772,1295.1556,1642.1033,1808.4755,1359.7240,1110.8142,1327.6317,1873.4671,1478.3039,1313.6973,1244.6131,1413.1296,1145.9030,964.8259,1102.6514,1016.7719,1191.3342,1142.2124,1040.5098,946.8983,1268.2593,1046.8088,1230.3969,971.4009,1384.0103,1190.2902,1243.7977,992.3118,1161.2939,1177.8538,1004.0990,1032.5860,1006.5608,1048.6597,1072.2416,1217.4667,1042.5691,1121.2523,1053.8084,1267.9224,1033.8505,1131.8328,996.5474,993.1933,1067.6615,983.7370,1112.3603,1066.0690,984.9700,1002.4826,969.3190,1019.0354,986.6767,985.3576,1001.7475,978.4579,984.0511,979.0647,991.5347,983.5269,986.8686,971.6241,984.6506,988.4730,987.1255,977.5439,982.8538,980.4495,995.7855,974.0109,988.0760,987.6712,973.6587,978.9146,978.7783
977.9955,977.9989,978.0138,977.6468,970.2327,977.7450,1024.9979,1345.8488,2627.8349,2728.6480,1822.4676,1333.6256,1477.3415,2960.3489,2188.5822,1575.8320,1767.4823,1706.8493,1414.7136,1207.9178,955.4024,1392.7793,849.1168,2033.3002,834.5544,1241.6352,1439.3001,936.2566,1540.8141,1121.7190,1460.5702,1800.3418,1255.5221,1156.9516,1070.4820,1560.8209,1118.0814,962.1405,1206.3972,1072.2416,1301.2492,1411.0114,909.5177,1380.1143,1016.1932,1653.5104,1164.7576,1175.6194,1131.7563,1044.9647,1052.3948,1102.5565,1147.3121,1134.3028,1031.5620,1007.3244,1021.2708,1041.1741,957.2031,987.0386,993.8366,1024.6499,987.0862,1011.8153,981.0142,968.4967,987.6114,996.3505,971.5249,977.7808,1012.8321,986.9170,977.4755,986.8635,974.7877,1037.2080,954.1875,1003.9964,993.2201,976.0662,976.4112
978.0013,978.0003,977.9959,978.1062,983.2884,988.0158,982.7944,2022.5321,4534.1056,5571.7487,2672.7190,1557.7173,2410.2342,5909.9247,3385.7450,2383.4131,2271.4776,2803.3476,1687.8920,1072.1764,1289.0579,1306.9234,1434.0466,2020.3023,1035.7287,1040.5805,2114.3147,1120.5741,2025.9883,1043.1649,2542.7470,2073.3783,1899.0117,1117.7215,1535.3305,1882.7412,1123.3983,1103.0261,1182.0768,1217.4667,1411.0114,1974.0994,1093.4072,1604.6167,1196.1765,2248.4183,1237.3964,1509.1606,1112.3216,1055.6244,1253.4222,1064.1391,1440.1439,1296.6308,1026.7556,1055.6417,981.9806,1118.9550,986.5723,1001.1401,1045.8060,1006.3955,998.1258,1000.5643,1012.9379,985.7790,1005.2230,973.2949,990.3755,1003.1912,1020.9030,982.2940,989.3951,989.1686,1019.4208,1002.9091,988.2025,1017.0867,976.4227,979.0662,978.9413
978.0083,978.0021,977.9748,978.6461,995.2292,988.2572,914.4064,1378.4407,1109.7663,1279.4618,1071.6901,956.3160,1239.5719,1284.7074,1065.4744,1147.6826,926.3657,1247.4243,966.9604,769.2625,1306.2246,752.2155,1750.5588,659.2860,1319.3300,721.0095,1183.2552,1191.2160,1032.4550,839.5893,1379.1324,823.6002,1303.2152,852.7368,1305.7137,925.9886,909.0534,1122.9421,844.2772,1042.5691,909.5177,1093.4072,1216.5962,939.8388,1116.0490,1022.3873,929.5357,1125.0342,880.8055,949.3936,1105.9407,879.1802,1109.4458,1023.6696,942.3470,1004.1914,918.0818,1007.7636,1019.3826,985.7173,1016.0046,934.6291,982.6417,947.8468,1005.7045,1000.2967,988.4819,945.9990,999.7458,1002.1212,964.5169,968.3309,989.6042,974.7793,1021.9901,914.0094,1025.9438,974.1165,953.4844,982.0011,981.3481
977.9962,977.9990,978.0116,977.7057,971.9642,976.0976,1020.5294,1552.6842,3408.8309,3699.6241,2197.3355,1442.9234,1768.1447,4070.4813,2733.1196,1870.6542,2023.2577,2092.8616,1558.5669,1209.4653,1023.2721,1440.3924,945.2080,2249.7605,857.5075,1227.7422,1669.0480,971.6315,1764.8306,1125.0505,1784.0080,2021.1561,1440.4220,1177.0277,1184.7675,1748.2951,1141.9797,992.7904,1239.4714,1121.2523,1380.1143,1604.6167,939.8388,1505.9312,1061.2231,1922.9108,1211.3976,1286.3593,1153.0490,1056.8407,1110.9740,1112.9406,1242.6665,1199.2116,1038.7288,1023.6335,1018.1793,1069.7481,961.0802,991.8968,1008.8673,1027.4294,991.1928,1014.2068,989.2098,971.1779,993.4442,993.4465,975.0477,983.9579,1020.2663,986.9905,980.2953,988.7963,985.0932,1037.7413,958.6287,1011.2847,991.3764,976.5072,976.7889
978.0044,978.0011,977.9864,978.3470,987.7453,985.7193,947.6246,1374.5219,1497.2073,1686.4454,1277.1209,1063.8300,1332.0397,1726.4078,1353.6662,1282.1117,1144.1424,1394.0399,1090.3131,881.6410,1193.3823,908.1416,1414.7135,937.1439,1151.0440,849.3246,1269.0485,1109.6245,1174.2724,916.4642,1425.3948,1054.8808,1299.2856,935.9899,1237.6119,1092.7471,968.2924,1073.0980,941.8290,1053.8084,1016.1932,1196.1765,1116.0490,1061.2231,1087.8028,1196.5349,997.7154,1145.2167,950.7887,977.7542,1092.1661,941.6830,1125.6622,1058.2627,968.6464,1005.6809,947.9127,1018.8772,1000.4050,986.2544,1009.7975,960.9729,984.1105,966.7653,998.4979,990.7218,988.3984,960.7952,991.3063,994.9154,979.0660,973.9342,986.0268,978.4586,1007.8854,949.5737,1003.9964,983.2826,965.2258,980.2246,979.8712
977.9978,977.9995,978.0066,977.8340,976.4589,978.3650,1014.6226,2381.1855,6640.3729,7811.6405,3565.6813,1809.1047,2746.5204,8997.0285,4844.3265,2894.5778,2948.2621,3528.3927,2052.9870,1236.0712,1218.1518,1619.2565,1233.6427,3008.2889,912.6189,1225.5041,2476.7617,1070.5489,2550.4495,1146.2561,2923.5698,2814.1397,2073.8047,1244.9999,1537.6775,2394.6414,1222.1537,1077.1952,1347.9791,1267.9224,1653.5104,2248.4183,1022.3873,1922.9108,1196.5349,2873.7054,1358.3895,1636.1762,1223.4063,1097.6809,1285.7475,1151.8601,1538.9427,1401.6745,1062.8345,1071.2388,1013.6773,1154.7829,969.9828,1006.0069,1051.6131,1038.9908,1003.1466,1023.7336,1011.8293,977.7806,1010.1669,987.2530,984.1723,1000.8809,1043.5441,988.2175,988.0159,994.8370,1013.0854,1044.5099,968.9614,1033.3101,987.7954,977.5332,977.6753
977.9970,977.9992,978.0092,977.7658,972.8533,979.3089,1008.8938,1160.2386,1855.7345,1928.2336,1445.7931,1186.6622,1284.0963,2003.7031,1628.4767,1324.3452,1423.3371,1383.0473,1224.9200,1120.6252,960.2331,1223.5001,884.0855,1564.2967,880.8446,1140.7305,1238.9130,948.0014,1292.3050,1069.0125,1261.3053,1437.4732,1132.3873,1090.0339,1030.5793,1308.4572,1062.8582,964.6772,1118.4127,1033.8505,1164.7576,1237.3964,929.5357,1211.3976,997.7154,1358.3895,1092.6317,1092.3122,1073.2756,1019.0141,1019.9601,1055.7259,1077.0616,1069.0867,1011.4826,994.8708,1006.0101,1015.4310,964.1297,983.1771,986.4712,1007.5090,983.3675,999.3896,979.0677,971.5735,983.4815,990.1108,973.4501,977.0760,999.4501,983.7635,977.3091,983.4514,974.7196,1015.7857,962.1489,993.9037,987.9914,976.7027,976.9323
978.0037,978.0009,977.9886,978.2928,986.8716,982.8631,955.1767,1784.3620,2580.7475,3092.9361,1879.4768,1259.0014,1795.4475,3334.4365,2180.7969,1761.3436,1549.6055,2042.6663,1347.3539,942.2553,1264.4849,1045.4081,1500.4666,1293.7394,1123.1784,903.9387,1653.2655,1135.3224,1556.3042,959.7345,1979.2566,1420.9036,1607.7882,1003.0457,1402.6808,1413.7216,1030.6489,1100.6608,1032.1040,1131.8328,1175.6194,1509.1606,1125.0342,1286.3593,1145.2167,1636.1762,1092.3122,1326.7636,1013.8940,1008.5544,1177.7763,986.4483,1278.6921,1171.2335,991.4933,1030.9081,958.0717,1066.3439,997.5081,993.8177,1029.6904,977.6511,990.9221,979.2924,1007.4858,990.2809,997.1115,963.7021,992.6408,1000.9297,996.8606,976.6958,988.6066,983.0834,1017.0986,967.5559,1000.6376,998.3335,968.1725,980.0423,979.7362
977.9953,977.9988,978.0144,977.6320,969.0416,975.7137,1021.8979,1015.1136,1497.4297,1482.0711,1270.3296,1126.6553,1103.3323,1544.4209,1391.3888,1159.2472,1293.0970,1174.2756,1154.0077,1160.1135,881.0801,1242.1656,758.8199,1543.1783,827.0251,1199.0963,1092.4486,900.2781,1180.3682,1092.7476,1063.2910,1354.6029,994.7529,1102.2946,926.8203,1225.7611,1061.1688,927.5781,1125.8926,996.5474,1131.7563,1112.3216,880.8055,1153.0490,950.7887,1223.4063,1073.2756,1013.8940,1079.6873,1015.8415,969.4063,1067.1118,1006.8170,1027.4689,1013.1519,981.6517,1017.6673,994.6688,955.6776,979.2241,972.2092,1013.0133,980.3032,1002.7934,970.1710,966.5891,978.5803,996.8889,968.0639,969.9035,997.3746,985.1208,973.9086,982.8475,962.2636,1025.9823,952.3842,990.4149,992.9255,975.8325,976.1983
977.9985,977.9996,978.0046,977.8824,975.3346,978.9854,993.5787,1032.4120,1233.8608,1242.7391,1121.3567,1048.3354,1060.9990,1266.5534,1174.8405,1079.6154,1122.8460,1095.5371,1060.7578,1039.3345,955.7480,1073.5127,913.6557,1180.5427,927.9589,1050.6224,1053.9338,957.2430,1078.1863,1017.4220,1050.5116,1133.4500,1015.0598,1023.0662,979.4940,1088.1327,1010.8436,965.6705,1032.7870,993.1933,1044.9647,1055.6244,949.3936,1056.8407,977.7542,1097.6809,1019.0141,1008.5544,1015.8415,993.9374,985.3197,1010.1894,1004.0806,1006.2635,991.4755,982.2719,991.1312,988.9925,970.9280,979.3378,978.7384,990.6095,979.5673,987.0758,976.7878,974.5473,979.2732,984.0283,975.2193,976.3203,986.0917,980.5820,977.1157,980.0534,974.3926,994.7033,969.9191,983.6496,982.8664,977.3246,977.4411
978.0039,978.0010,977.9881,978.3049,986.5826,982.3004,950.3295,1426.7331,1690.6472,1931.3882,1398.4850,1104.1568,1414.9141,2011.7421,1516.3085,1373.9993,1223.8848,1514.0637,1144.8127,904.3377,1192.6132,947.4233,1395.9084,1026.7920,1127.5569,871.4739,1337.4780,1104.2575,1252.7593,932.3698,1523.4658,1136.0804,1347.1166,956.6425,1256.8763,1162.7725,985.1019,1072.4057,968.0310,1067.6615,1052.3948,1253.4222,1105.9407,1110.9740,1092.1661,1285.7475,1019.9601,1177.7763,969.4063,985.3197,1104.8282,956.1808,1152.4809,1080.7933,975.3492,1010.0326,952.9537,1027.8665,997.7686,987.5692,1012.4239,966.6932,985.4040,970.9140,999.1802,989.5294,989.8526,962.9256,990.5329,995.1198,983.6410,974.8965,986.0337,979.6344,1007.8717,956.4470,1000.8836,986.7928,967.0016,979.9976,979.6847
