994.9244,991.9777,996.2093,993.5264,1014.8406,995.7064,994.6181,1001.1724,1004.9323
991.9777,1102.3742,1613.4725,1139.3647,1150.3595,1056.1321,1075.3554,1080.0564,1157.3210
996.2093,1613.4725,22131.7535,4828.1011,4286.9454,1623.2018,2547.4139,2246.4647,6942.9660
993.5264,1139.3647,4828.1011,48286.9992,10979.1196,3072.9351,8069.0403,5438.3634,67489.2797
1014.8406,1150.3595,4286.9454,10979.1196,6643.8447,1777.5985,3922.8593,2514.2154,15646.6540
995.7064,1056.1321,1623.2018,3072.9351,1777.5985,1441.2455,1648.6045,1717.6783,3435.8559
994.6181,1075.3554,2547.4139,8069.0403,3922.8593,1648.6045,3056.7903,2209.1724,10306.3792
1001.1724,1080.0564,2246.4647,5438.3634,2514.2154,1717.6783,2209.1724,2527.6064,6717.5386
1004.9323,1157.3210,6942.9660,67489.2797,15646.6540,3435.8559,10306.3792,6717.5386,108897.0375
