1323.8887,1112.0054,1065.3374,1238.4939,1720.3010,1130.0665,2238.8367,2099.6558,1784.6652
1112.0054,1265.0727,989.4942,1196.2256,1473.4293,1099.7554,1667.4879,1796.4859,1819.7755
1065.3374,989.4942,1042.1520,1052.5092,1089.7651,1013.5518,1178.0381,1225.1836,1055.7020
1238.4939,1196.2256,1052.5092,2262.2404,1380.8096,1172.0125,5741.2970,10032.5993,7150.2673
1720.3010,1473.4293,1089.7651,1380.8096,4696.6038,1384.2391,3192.3171,2966.5043,3268.8226
1130.0665,1099.7554,1013.5518,1172.0125,1384.2391,1117.1919,1708.5712,1748.7354,1790.3933
2238.8367,1667.4879,1178.0381,5741.2970,3192.3171,1708.5712,69341.8733,107629.5471,48194.0959
2099.6558,1796.4859,1225.1836,10032.5993,2966.5043,1748.7354,107629.5471,469087.2946,166402.0892
1784.6652,1819.7755,1055.7020,7150.2673,3268.8226,1790.3933,48194.0959,166402.0892,227868.4118
