2000.4296,1999.4572,2010.6200,1998.6135,2004.2051,2000.2931
1999.4572,2000.7123,1993.4330,2013.4847,1995.9581,2000.3777
2010.6200,1993.4330,312137.3744,378019.6863,3906.1876,3017.7355
1998.6135,2013.4847,378019.6863,87216988.4046,6133.8897,6919.8672
2004.2051,1995.9581,3906.1876,6133.8897,4236.3390,2530.7132
2000.2931,2000.3777,3017.7355,6919.8672,2530.7132,2309.3600
